1024 3 M
 -0.262418 0.626611 0.345827 -0.227993 0.587168 1.472014
 -0.971523 0.196588 -0.493314 0.452427 0.617964 0.518895
 -0.742642 0.995744 0.377978 -1.285687 0.968611 1.740156
 -1.004770 -1.005116 0.680901 0.549721 0.507285 -0.303238
 -0.285008 0.951134 -0.548783 0.961266 -0.774657 0.540569
 -0.345096 -0.550215 0.939271 0.002395 0.092841 -1.729025
 -0.819481 0.763258 0.973468 0.935145 -0.143785 1.181072
 -1.018150 -0.953651 0.466250 0.124082 -0.633865 1.150187
 0.639048 -0.451666 -0.514741 0.672264 0.062670 -1.325777
 -0.502808 -0.250513 -0.947431 0.939090 2.223841 -1.032330
 -0.477507 -0.318924 -0.895321 -0.497101 1.179915 0.831763
 0.917700 0.343253 -1.083830 0.596507 1.657656 -1.793962
 0.498208 0.131407 0.740031 -0.282903 1.379979 0.562568
 -0.594191 -0.416068 -0.395605 -1.545879 -0.183862 0.271530
 0.128223 0.620899 -0.656402 -0.438443 1.601822 -1.748333
 -0.660267 -0.843303 -0.428567 -0.994493 0.987648 1.404135
 0.081982 0.493550 -1.055983 0.447814 -0.428470 0.756566
 0.105896 0.052473 0.561033 -0.507126 -1.870843 0.280904
 0.553150 0.074109 -0.482813 -0.143351 1.286583 -1.838400
 0.351129 -0.095089 -0.774322 0.466862 0.435483 0.568896
 -0.549334 -0.060912 -1.055147 2.333391 0.684899 0.315381
 0.731494 0.561255 -0.945828 1.421266 0.648169 -0.843469
 0.921277 1.004964 -0.665084 -1.133910 0.286368 1.194321
 -0.823343 -0.647619 0.325809 -0.814536 0.411387 -0.332559
 -0.610957 0.222061 -0.920766 0.075952 -0.028987 -0.154480
 0.589016 0.845957 -0.698098 0.822726 -0.258776 1.824888
 0.222426 -0.194072 0.484522 1.824193 -0.320152 -0.495377
 1.032699 0.406315 -0.379998 -0.972509 -1.071509 -0.187678
 -0.202535 0.465809 -0.418938 -0.024105 0.915892 1.388565
 -0.143110 0.749819 -0.997268 0.164023 -0.312037 -2.886825
 -0.829903 0.699963 0.151393 -1.101092 0.611814 0.812179
 0.934139 1.057423 -0.517967 0.655590 -0.351585 -0.626689
 -0.422501 -0.401269 0.233599 0.777343 -2.157810 -0.809876
 0.526693 0.703233 -0.459331 0.042057 -0.512815 0.348055
 1.080454 0.595487 0.536531 -0.069537 -1.433244 -0.317093
 -1.042577 -0.831275 -0.257397 1.227397 -0.372243 -0.407723
 0.969503 -0.546718 -0.506974 0.460325 -0.564370 0.072770
 0.003984 1.047502 0.165242 0.413052 1.215644 1.205728
 -0.148103 -1.098745 0.485359 0.259210 0.881896 0.560727
 -0.419657 0.429536 1.087270 -0.253776 1.280184 0.539357
 -0.832361 -0.146903 -0.611208 0.090107 -0.013872 -0.348156
 1.046776 0.562196 0.841560 -0.551941 -0.565265 1.398825
 0.709007 -0.256051 -0.797819 -0.490069 0.030346 0.105093
 1.062074 0.729559 0.224945 -1.054110 1.288082 0.423656
 -0.327950 0.167581 -0.806558 0.096695 1.356712 0.255959
 0.649753 -0.733259 -0.527552 1.072752 0.269371 0.608254
 0.142607 0.274211 1.045448 -1.215940 -0.320971 1.544518
 -0.451750 -0.157019 -0.177160 2.155130 -0.326831 0.181300
 0.474484 0.148933 0.929814 0.907701 0.038224 1.470923
 0.747829 -0.172028 0.949372 0.988350 -0.280499 -0.431079
 -0.745348 0.058237 0.194976 -0.717596 0.346304 -0.894896
 1.093203 -1.008141 -0.934204 0.029747 0.903632 0.084969
 0.586967 0.452808 0.693697 0.946423 0.644027 -0.696421
 0.651040 -0.467645 -0.254415 -0.754299 -0.259860 -0.389509
 1.070034 -0.381662 -0.999500 1.073856 -0.437098 0.342684
 0.034385 0.731363 0.090546 0.138717 -0.168855 -1.365608
 -1.065142 -0.462597 -0.930567 -0.008523 -1.975441 1.785403
 0.942677 0.807665 -1.049510 1.069958 1.541342 -0.820585
 -0.039016 -0.920931 0.609228 2.108604 0.661477 0.622675
 -0.182595 -0.036056 0.295343 1.394981 0.364142 -0.309191
 -0.891630 0.180592 0.442225 0.107027 -0.954530 -0.570727
 0.366228 -0.677969 0.132277 0.928333 1.115859 1.721374
 0.965770 0.524413 0.702321 0.868015 0.648595 -1.154498
 -1.015433 0.738553 -0.935911 0.312763 0.426176 0.938140
 0.346146 -0.635196 -0.738148 -1.725758 -0.605274 -1.052288
 0.383941 -0.358828 0.786597 -0.288578 -0.377172 -1.802115
 0.896134 -0.518848 0.869851 -0.395145 0.630449 2.089381
 0.948890 0.297675 -0.551148 0.002550 1.098190 0.867413
 0.617545 -0.191773 -0.061659 -0.108934 1.221319 -0.654127
 0.776961 -0.510251 -0.774173 -0.721722 1.710582 0.630235
 0.836675 0.605242 -1.010466 0.200616 -0.093946 0.043202
 0.651865 0.667151 -0.374352 -1.126243 -0.901683 -0.237911
 0.400147 -0.267907 0.197279 -1.264954 1.701407 0.402063
 -1.016730 0.348451 -0.844920 1.512400 0.950564 1.187907
 -0.620501 -1.021086 0.441471 -1.155821 1.078481 -0.758063
 -0.131698 0.127373 -0.716159 0.589419 -0.375300 0.464874
 -0.780881 -0.588205 0.190965 0.072720 -0.354145 -0.572299
 0.467059 -0.098792 0.966028 1.640890 0.245623 -1.182102
 -0.424166 0.434620 -0.669021 0.352150 -1.804909 0.491632
 0.877592 1.070933 -1.025987 1.485990 -1.484480 -1.161284
 0.847171 0.885006 -0.540242 0.050662 0.061547 2.490868
 -0.711656 0.271981 0.326371 -0.130110 -0.873173 -0.758582
 0.691774 -0.471210 0.561533 1.717555 -0.289986 -0.355385
 -0.733107 0.621209 0.225391 0.034415 1.882221 -0.295640
 -0.573609 -0.835231 1.007909 -0.364052 -0.678452 0.599856
 0.190446 0.046644 -0.139414 -0.126524 -1.507033 -0.356653
 0.735402 -0.350004 0.873415 -0.424150 0.703253 -2.825497
 0.606771 0.089424 -0.529792 0.306114 -1.385420 0.038581
 -0.802212 0.891092 0.871658 0.570291 0.179659 0.392286
 -0.453574 -0.865948 0.625243 0.949663 -1.223853 0.460409
 -1.026429 -0.478802 -0.378206 0.627158 -1.431446 -1.323107
 0.241131 -0.042916 0.993546 0.735844 -0.182352 -1.780529
 0.712150 -0.461657 1.013818 -0.479869 -0.013414 0.110854
 -0.488904 0.780904 0.362621 0.060364 0.361337 0.476725
 0.687284 0.955661 0.509582 2.355917 -1.120273 1.995748
 1.005215 0.803344 -0.138949 -1.425594 0.788433 -0.166612
 0.110170 -0.824236 0.269359 0.012772 -2.138149 0.247933
 -0.654444 -0.027153 0.740056 -0.416710 -2.345372 -0.163481
 0.029229 0.414334 -0.497932 0.313409 -0.885128 -1.072494
 -0.958217 0.138563 0.594393 -0.389753 -0.012511 0.330036
 0.421128 -0.366576 1.075405 0.359093 0.364184 -0.337568
 0.007939 0.167043 -0.617024 1.026684 -1.344367 2.144006
 -1.060408 -0.041537 0.044777 -0.159383 0.137910 -0.030799
 0.764496 -0.095020 0.662766 1.483214 0.513499 -1.375701
 -0.785801 0.296278 0.721018 -1.752527 0.786502 0.508962
 -0.836658 0.476174 -0.438089 2.299457 -0.389192 0.168233
 0.687153 0.994926 0.255302 1.723091 1.312924 -0.139184
 0.616181 0.121474 0.338927 -0.311408 -0.796865 0.266088
 0.119584 -0.121363 -0.019850 -0.999075 1.684493 0.126497
 -0.787391 0.649007 -0.222285 0.906887 0.572497 -0.377117
 0.473409 0.600326 0.411639 -0.754790 -0.623181 -0.891984
 -1.058673 0.682390 0.810348 2.338670 -1.430647 0.180907
 -0.250290 -0.035301 -0.317312 1.107713 -0.211860 0.494191
 -0.065637 0.179920 0.558858 -0.016367 0.090915 -0.382144
 -0.950274 0.599082 -0.868066 -0.143851 0.846641 -1.150174
 0.049196 -0.266713 -0.019367 -1.194202 0.712964 0.226172
 0.182244 0.666950 -0.514087 -0.883389 -0.568801 -0.100084
 -0.887983 -0.538647 0.305758 -0.274610 -0.056563 0.931267
 -0.749013 0.817247 0.642348 -0.762925 0.186010 -1.427403
 -0.934417 -0.955936 0.797063 -0.658869 -0.650947 -1.172094
 0.106338 -0.398008 0.612451 -0.439179 -0.562706 -1.633863
 -1.003734 -0.742578 1.070703 0.012584 -2.389726 2.342001
 0.158358 -0.956633 0.379090 -1.086253 2.917871 0.194516
 1.001042 -0.206002 0.479746 -0.698531 -0.312958 1.963751
 0.517189 -0.367526 0.601283 0.193683 1.371044 -1.265851
 -1.035606 -0.063073 -0.974977 -0.715279 0.608822 0.425603
 0.367227 0.094025 0.745241 1.086385 0.075351 0.049240
 -0.609236 0.572743 -0.177195 -1.505534 -0.095840 -0.278953
 0.622869 -0.804734 -0.774694 0.131184 -0.457908 0.053015
 0.227684 0.210548 -0.582770 -0.145689 -1.137481 -1.142931
 0.402013 0.817963 -0.186107 -1.340368 0.085095 -0.254801
 0.047453 -0.604796 0.396338 -1.152624 -1.198679 -0.031722
 -0.598529 -0.284294 -0.582210 0.998826 1.302875 0.545854
 -0.259658 0.735704 0.386435 0.445078 -0.037494 0.296659
 -0.440895 0.061612 -0.681082 -0.911229 -0.011125 -0.121851
 -0.863962 0.674025 -0.853990 -0.655267 1.235654 0.404057
 0.187468 -0.434830 0.112410 0.047741 1.094937 -0.971862
 0.837435 -0.649185 0.080491 1.480096 0.431748 -0.091689
 -0.570927 -0.628404 -0.791194 -1.307787 1.197676 1.241192
 0.090839 -0.802678 -0.049653 -1.899761 -1.382900 -0.866884
 0.039640 -0.361100 0.560266 -0.088903 1.850268 0.048837
 -0.395980 0.332251 -0.285481 2.329828 0.606585 1.583768
 -0.654420 -0.773436 0.130495 -1.351828 1.176014 -0.919634
 1.086272 -0.104073 0.190482 -0.513697 0.498394 1.228674
 0.628134 0.466837 -0.585175 0.318247 -0.327429 0.110647
 0.957186 -0.954821 0.467457 2.128005 0.533227 -0.720194
 -0.516107 -0.488444 1.024494 0.202366 0.577951 1.100876
 -0.908825 1.056593 -1.000897 -0.288322 0.507731 0.984937
 -0.477987 -0.133618 -0.211140 0.277492 -0.421649 -1.293910
 -0.682712 0.615727 0.063620 -0.152618 -0.003633 -0.100727
 0.451836 0.753499 -0.183550 0.899508 -2.488966 0.984647
 0.945646 -0.801916 0.475379 0.519841 -1.216642 -1.008904
 0.287338 -0.522882 -0.775956 -1.244446 -0.481210 -1.596309
 -0.849424 -0.494966 0.033333 1.586117 -1.074797 -0.389617
 0.984718 -0.175565 0.156798 0.592479 0.420207 -0.468214
 -0.645958 -0.576069 1.003851 -0.153915 0.350655 -0.444225
 0.221153 0.534328 0.791669 -0.011203 -0.854788 1.321152
 0.840097 0.628827 0.885633 1.168233 0.650626 -0.129631
 -0.643295 -0.748215 0.563367 -0.006451 1.239527 1.827187
 -0.845012 0.373584 -0.343048 -0.600577 -1.840718 0.172535
 -0.236031 0.935461 -1.000317 0.183747 -1.306185 0.255979
 -0.726625 -0.147262 -0.486011 -0.691717 -1.506856 0.350412
 -0.261613 0.700883 -1.011940 0.291814 0.062910 -0.225803
 0.705339 0.276096 0.601972 -0.674091 0.789323 -0.098237
 -0.193789 0.113714 -0.384650 0.553646 0.952685 -1.075704
 0.471428 0.407597 -0.840234 0.471175 0.019229 1.001325
 -0.211339 0.674852 0.314940 0.510486 1.025772 -2.475869
 -0.101574 -0.694463 0.980472 -1.035597 -1.402355 0.474606
 -0.717420 0.686560 -0.795519 1.187013 -1.103437 -1.764529
 0.260627 0.592131 0.980598 1.720975 0.169252 0.355215
 -0.338676 0.778002 -0.621366 -0.732290 0.882097 -0.189090
 0.136380 -0.227581 0.200183 -0.090437 0.065920 -0.390883
 1.078443 0.336329 0.833864 0.101920 -0.562265 0.494710
 0.405605 -0.109776 -0.067161 -0.375874 -0.583185 -0.591865
 -1.018429 0.385320 -0.929803 -0.518520 -0.832869 0.170568
 0.168420 -0.996590 -0.429388 0.239282 1.502087 1.929982
 0.839191 -0.902036 -0.048098 0.260381 0.308393 1.309664
 -0.569228 -0.778066 0.337472 -1.647010 0.353266 -0.442437
 0.248081 -0.859267 -1.001485 -0.536520 -1.453658 -0.792157
 -0.795475 0.976874 0.220123 0.390197 0.407135 1.064852
 0.320757 0.568627 0.947482 0.251834 -0.614957 -0.372794
 0.687007 -0.703133 -1.092877 -0.805029 -2.578182 -0.386520
 -0.029285 -0.218738 -0.138428 0.882220 -0.327960 0.776425
 0.781150 0.735373 -0.611448 0.134698 1.247724 -0.678626
 0.963423 0.683881 -0.296989 0.116548 1.010361 -0.535479
 -0.246933 0.722239 0.035364 -0.225966 -1.096295 0.109297
 -0.754864 -0.755018 -0.433291 0.102144 0.898008 -2.035383
 -0.531187 -0.488043 0.846254 0.430585 -0.350484 -1.611795
 -0.459508 0.394696 -0.767958 1.379444 -0.199837 -0.595958
 -0.726879 0.033907 -0.749794 -1.040162 -0.165202 -0.672025
 0.963995 0.138961 1.098533 -0.374246 -0.319576 1.625869
 0.111357 -0.307096 -0.508737 -0.212446 1.593694 -0.363567
 -0.568243 0.719560 0.162490 0.238989 -0.474366 -1.259636
 -0.390823 0.406355 0.153027 0.111967 -1.679224 0.814921
 -0.539606 0.659482 0.984858 0.342445 -0.116380 -1.010348
 0.031524 -0.804834 0.055334 0.933155 0.223120 0.000197
 0.146746 -0.703136 -0.301147 -0.026404 -0.739924 0.239070
 -0.853600 1.005564 -0.016880 -0.292399 1.840074 -0.280627
 0.865718 0.263065 -0.670698 -0.334441 0.658180 -0.035675
 0.848101 -0.256625 0.545507 -1.561714 -0.455962 -0.200020
 -1.061336 -0.615255 0.867721 -0.570203 1.501315 -1.291432
 0.206622 0.613045 -0.381939 -1.455248 2.286213 -0.783065
 -0.595655 -0.993177 0.909804 -0.570333 0.365377 -0.863733
 0.330134 -1.080842 -0.059712 0.506449 3.903868 0.163320
 0.076626 -0.116659 0.950063 0.552702 1.968203 0.403803
 0.660027 0.908057 -0.268525 -0.311841 0.703518 -1.169774
 0.085116 -0.608204 -0.935357 0.387958 -0.142259 0.530718
 -0.452643 0.850972 0.042491 0.198533 -0.074300 -0.210934
 -0.093168 -0.517074 0.296218 -0.242147 -2.260897 -0.647980
 -0.452183 1.024526 -0.024583 2.069766 0.973755 -2.910867
 -0.002022 -0.116891 -0.234028 -1.097969 1.093656 -1.978849
 -0.692539 -0.804175 -0.030449 1.232894 1.127849 0.053061
 -0.231966 -0.519825 0.553124 0.109938 0.677755 0.059421
 -0.337414 -0.365741 0.144865 0.334903 1.259485 0.397047
 0.436546 0.486801 -0.531143 -0.134866 1.697831 0.332108
 -0.468937 1.062605 0.522968 0.697782 -1.534570 1.454419
 0.665864 0.840057 0.827780 -0.030400 -0.231161 2.061303
 -0.605481 -0.082372 0.314814 -0.900406 -1.044268 -1.071896
 -1.096879 -0.083363 -0.457186 1.779971 0.714478 2.069701
 -0.730265 -0.545932 -0.668460 0.690623 -0.356759 0.829119
 -0.482353 -0.392850 0.836404 0.684543 2.122669 1.182386
 0.591024 0.924767 0.351452 -2.144260 -1.318891 1.345233
 -0.327852 0.153161 0.439289 -0.163304 0.067803 0.912763
 -0.474996 0.719687 0.640327 -0.189759 0.297299 -0.161245
 0.594912 -0.582598 -0.326930 0.346826 0.987988 0.029800
 0.875227 -0.268983 0.062666 0.033845 0.008173 1.304801
 0.773243 -0.594149 0.189404 -0.504234 0.498647 -0.791511
 -0.148179 -0.099944 -0.550772 -0.910937 -0.830969 0.214908
 -0.846735 0.034264 0.654838 1.749943 -0.032498 -0.423745
 0.997118 -0.981065 0.125640 -0.704194 -0.480835 -0.117887
 -0.551763 -0.803740 1.090786 -0.411389 -0.778677 1.642324
 0.199401 0.683472 0.373675 -0.537858 -0.447826 -0.547854
 -0.525867 -0.150134 -0.678156 0.707810 -1.368096 -0.940844
 -0.203072 0.357191 -0.826524 -0.097288 -0.045681 0.263803
 1.078291 0.155329 0.769457 1.038003 1.206110 2.384672
 -0.499389 -0.745191 0.315002 1.371019 -0.073414 -2.049311
 -0.710335 0.396607 1.049985 0.950628 0.776775 -0.891209
 1.035409 -0.587456 -0.170091 0.080267 -1.111222 0.347889
 0.381245 -0.343531 -0.683748 -0.026360 0.630311 0.301974
 1.087517 0.465797 0.568895 0.886113 -0.612795 0.223357
 0.508026 -1.043835 0.143884 -0.110456 1.238437 -0.005060
 1.021027 0.735264 0.165775 0.337920 -0.038569 -1.780812
 -0.480911 -0.013236 0.033244 0.429739 0.065479 1.763311
 -0.245273 -0.613294 0.302182 0.106944 0.914272 -0.293423
 0.930435 0.418124 0.599421 0.300342 -0.802126 -1.576318
 -1.004495 -0.070935 -0.867196 0.519821 1.013521 -1.678153
 0.151890 -0.297100 -0.124553 -0.395776 -0.501391 -2.247759
 0.668627 0.537352 -0.147556 1.055162 -0.308862 -1.736110
 1.006709 0.999851 -0.000159 1.523074 0.474333 0.593965
 0.406113 -1.039774 1.066523 0.560204 -1.763678 1.280468
 0.018151 0.029731 0.221229 -1.504858 0.769766 -0.668559
 0.275414 -0.403048 0.733866 0.380643 0.083430 0.511341
 -0.419808 0.368024 -0.793337 1.644641 1.784132 1.110677
 0.666705 -1.060253 -0.690503 -0.426918 -1.174341 1.342901
 -0.811781 -0.247657 0.660039 0.194560 1.694349 0.332839
 0.836705 -0.201608 0.480135 1.741810 -0.210410 -0.190004
 0.515996 0.196628 0.892294 1.598481 -0.077452 0.027979
 -0.781181 0.364371 -0.553489 -0.346453 0.064854 -0.226511
 -0.127817 -0.676315 0.389986 0.631028 -0.242046 -1.070490
 -0.311194 0.569416 -0.068154 -0.453094 1.202816 0.549791
 0.047032 -0.850093 0.255226 -0.346888 1.018706 -1.178456
 -0.584865 -0.333151 -0.251400 2.253417 1.111031 -0.881104
 0.608396 -0.150023 0.762584 -0.173361 0.023791 1.683935
 0.957636 -0.179305 1.077051 0.826025 1.583483 -0.228854
 -1.046990 0.913985 -0.001496 -0.131305 0.880765 -1.064031
 0.215042 0.112945 0.202525 0.475354 0.340095 -1.992172
 -0.878639 0.768270 -0.390223 -0.363528 0.362224 1.080090
 -0.615043 -0.162827 0.814494 0.651547 0.057419 0.926522
 -0.801765 -0.439872 -0.598722 0.268994 0.834704 -1.009132
 0.111704 -0.721391 0.454818 -0.591519 0.621975 -1.305151
 0.260692 0.228534 0.760882 -1.088912 -0.335648 1.703266
 -0.462688 0.244252 0.419779 0.659320 0.939467 1.164231
 -1.028196 1.023820 -0.522584 1.569549 -1.029344 -0.197187
 -0.824863 -0.997522 0.087276 0.106599 0.098700 -1.743173
 -0.362785 0.493505 -0.762940 0.550839 0.725714 -0.151133
 0.478724 -0.712594 0.620574 1.252235 0.196258 -0.088634
 -0.935502 -0.813497 -0.836362 -0.956126 -1.033832 -2.088847
 0.872699 -0.676363 0.926023 1.432095 -1.094873 1.211028
 -0.592205 -0.130240 -0.779402 1.047435 0.246383 -0.981631
 0.481300 1.053582 -0.939731 0.805257 1.234736 -1.396905
 1.069040 0.252594 -1.090576 0.920520 -1.046404 -1.441117
 -0.117953 -0.928528 -0.789040 -0.277231 -1.456268 -1.148363
 -0.252421 0.475671 -0.817636 -0.149818 -0.115512 0.703563
 -0.895686 -0.173800 -1.066559 0.146136 0.005806 0.316297
 0.353703 0.869900 0.718811 0.550336 -1.363854 0.892437
 -0.237051 0.465152 -0.425278 -0.574942 -0.053428 -0.572635
 0.721250 -0.493354 -0.165954 -1.319420 -0.147611 -0.082285
 0.113591 0.152474 1.095903 -1.372018 -0.205309 0.087142
 0.189736 -0.796652 0.923214 0.990059 -1.016103 -0.411489
 -0.855252 -0.045080 0.249929 0.305414 -0.267766 1.122586
 0.338926 0.655536 -0.262647 1.359567 -1.553157 0.104350
 -0.888985 -0.570462 -0.552614 -1.599977 0.268142 0.650112
 -0.154384 0.902457 0.756380 -1.547610 -1.344507 -0.766376
 -0.231987 -0.221882 -1.080270 1.110274 0.371118 1.236318
 -0.597595 0.424759 0.666894 -0.553122 -0.032736 0.050577
 0.423773 0.661088 -0.113893 -0.079716 -1.801533 -0.529920
 0.055402 0.369392 -0.658665 -0.980370 -1.088894 -0.805131
 -0.241802 -0.100835 -0.438149 0.576441 -0.709309 0.570025
 -1.059032 -1.043084 0.698826 -0.566280 0.143781 -1.780706
 0.592870 -0.983926 0.184322 -0.352053 0.292274 -1.168762
 0.841564 -0.241035 0.589171 1.042276 -0.233162 0.455886
 0.298997 0.885604 -0.771996 -0.322676 -0.127273 1.406989
 0.430023 -0.208316 0.059729 0.133487 -0.565250 0.587719
 0.739145 0.856695 0.863868 -2.028748 -1.043722 -0.926030
 -0.988509 -0.420729 -0.540553 -0.633687 -0.426290 1.260113
 -1.039198 -0.503239 -0.415648 0.408441 -0.281428 1.208678
 -0.626354 -0.229012 -0.734211 -0.538805 -0.806728 0.461658
 -0.136445 -0.547820 -0.809461 0.182769 1.038314 0.690899
 -0.838037 -0.391562 -0.840813 1.827811 0.542128 -0.843574
 0.135091 -0.151870 0.764652 -0.115248 0.177114 -0.045576
 1.022545 -0.907446 0.077342 -0.408554 0.132070 -1.644216
 0.624180 0.120536 -0.646364 0.272707 -0.825481 -0.661532
 -0.950382 -0.601939 -0.202153 -0.642238 -0.189970 -0.274293
 0.912863 0.459273 -0.730117 0.553286 0.208548 -1.088559
 0.960236 0.597524 0.158107 0.232267 0.157920 -1.117126
 0.307418 0.158055 -0.714914 -0.783925 -0.097927 -0.146670
 0.739986 -0.394029 0.366497 1.331477 0.281629 -0.036932
 -1.096469 -0.542204 -0.464305 0.376373 0.133501 -0.322401
 -0.168499 0.482311 -0.891430 1.598836 -0.098062 1.344263
 -0.537456 0.669939 -0.278558 0.327917 -0.988155 -0.650623
 -0.129519 0.351013 -0.376309 -0.507657 -0.596644 1.928008
 0.355201 -0.444124 1.064459 -0.785056 -1.078740 0.377240
 -0.829882 -0.132458 -0.684656 0.559586 0.798492 -1.027717
 -0.983429 -0.900739 0.674854 -1.947473 1.733795 -0.426364
 -1.030734 -0.540556 0.656940 -1.360596 0.908461 1.092737
 -0.222602 -0.278605 -1.091845 1.564773 -1.118884 1.408571
 -0.008694 0.048696 0.789230 0.737466 -1.971394 -0.504265
 0.491167 1.073161 -0.988900 1.041403 -1.362672 0.066067
 -0.660927 -0.390794 -0.879607 1.098061 1.109736 -1.481462
 -0.156412 0.399644 0.125927 0.970647 0.021613 1.231959
 -0.405836 -0.357884 -0.053321 1.176515 -0.551911 0.058471
 -0.706598 0.248317 -0.455934 0.062941 0.549311 -0.872236
 -0.620536 -0.931518 -0.516897 2.042577 0.605579 -0.995595
 -0.665925 0.138816 0.364290 -0.170849 0.569018 1.097184
 0.876816 -0.682559 -0.101693 -0.819422 -0.734549 0.249128
 -0.590192 0.648573 0.624026 0.729839 -0.469989 0.841361
 -0.033287 1.014565 0.579285 -1.058057 -0.842750 1.192570
 0.065889 0.289199 0.161267 -0.459432 0.162726 0.293934
 -0.365933 0.193770 0.382052 -0.060973 0.236238 0.725556
 0.145539 0.476122 0.909592 0.089302 0.974951 0.113062
 -0.166818 -1.005054 1.058937 -0.435126 -0.021824 0.521814
 0.293546 -0.138055 0.567436 -0.303342 1.615040 -0.046683
 0.926200 0.246082 -0.782375 0.541708 1.082344 -1.568336
 -0.091308 0.072719 1.003742 0.342418 2.139959 1.387486
 -0.884372 -0.265611 -0.298990 -1.640628 -1.781343 -1.004510
 0.206121 0.357410 0.949651 1.436310 1.131882 -1.587305
 1.014178 0.632401 -0.425702 0.315621 0.534418 -0.538937
 -0.944927 0.564651 -1.021810 0.751622 -0.526132 -0.301346
 -0.964416 0.109750 -0.829530 -0.262056 -0.680237 0.263771
 -1.009354 -0.009347 -0.427178 0.477295 0.212590 0.221607
 -0.382439 -0.198798 -0.242702 -1.201176 2.201169 0.115053
 -1.024306 -0.477862 0.818029 -1.864949 -0.933964 -1.455848
 0.091304 -1.055056 -1.067318 0.215059 1.058101 -0.983161
 0.976228 0.793979 -0.416440 -0.765825 -0.438202 0.041403
 -0.445048 0.023130 -0.617248 0.517911 -0.935274 -0.401495
 0.194262 0.684270 -0.089001 0.098230 -0.357665 -0.737488
 -0.234724 -0.102116 0.501143 0.106752 -1.468652 0.022021
 -0.501010 0.324346 -0.667239 -0.868017 0.101683 0.386711
 0.058086 0.123456 0.730828 0.706875 -0.108795 1.661964
 0.849457 -0.235222 0.406363 -0.064979 0.088801 -0.750503
 0.211728 -0.750748 0.090609 0.905185 -0.078488 0.951695
 0.637070 0.501777 0.590898 -0.973775 -0.571401 -0.962738
 -0.515803 0.450707 0.149017 0.620090 0.038104 0.178341
 0.592339 -0.179708 0.080135 1.148811 -0.876579 1.336998
 0.928894 0.770587 0.131616 0.549064 0.173252 0.103103
 0.413423 0.633630 0.140724 -0.244329 -0.402728 -1.913547
 -0.131651 0.823827 0.023959 -0.782088 0.952076 -0.906136
 -0.938216 0.029517 -0.848382 0.675062 0.795764 -1.601232
 0.526416 0.030772 -0.494132 -0.099276 1.029355 1.496270
 -1.039750 -0.176437 -0.888896 0.755290 -0.116994 1.077236
 0.865813 -0.685191 0.878169 0.601932 0.540851 -0.820727
 -0.810266 0.962980 -0.450799 0.175587 -0.117266 0.048347
 0.450677 0.367190 0.931620 0.184171 2.249364 1.037464
 -0.337088 -0.593520 0.095966 0.700707 0.035027 0.799070
 -0.411033 -0.694212 0.192266 -0.089349 -0.578945 0.279554
 -0.690939 -0.927097 1.016195 2.377318 1.365420 -0.317326
 0.333687 0.724693 -0.226265 1.132579 -1.001680 -1.133039
 0.874513 0.010439 -0.605609 -1.155641 1.321650 -1.356888
 -1.030009 -0.262000 0.675974 0.163923 -0.760754 -0.713870
 -0.459775 -0.510489 0.043260 0.119945 -0.830236 -0.479596
 -0.804764 -1.072161 0.168309 -0.200908 2.045802 -1.072401
 -0.399994 1.038040 -0.344067 -0.100228 -1.450574 1.718661
 0.392707 -1.035851 -0.885691 -0.346986 0.828894 0.977635
 -0.679775 -0.923376 0.597789 1.192979 -1.453704 1.321766
 -0.980901 0.827381 0.988456 -1.450908 -0.341345 1.967752
 0.608069 -0.786701 -0.914397 -1.613693 -0.007448 1.418926
 0.741763 -0.065928 -0.923513 -1.119342 1.015369 0.756996
 -0.304589 0.724430 -0.630418 -2.262447 0.627941 0.250835
 -0.223523 0.446112 -0.507696 1.090255 0.066417 -1.071343
 -0.245498 0.028052 0.764453 1.099628 1.844524 1.181906
 0.245446 0.502064 0.418106 1.989984 -0.623159 -1.219188
 1.068275 0.409272 -0.642147 0.592537 0.803209 0.624441
 0.304285 0.045444 -0.844859 -1.650884 0.248453 0.345031
 -0.676766 -0.657755 0.746639 -0.148719 -1.825338 -0.361180
 0.894623 0.109184 0.671745 -0.959901 0.660173 0.631534
 -0.189170 0.402273 -0.383362 -0.734195 1.145765 -1.176624
 0.198159 -0.382985 1.048360 -0.385388 -1.239210 -0.195698
 0.147693 -0.327438 0.303164 0.780027 2.040930 -1.092339
 -0.478533 0.676761 0.910449 1.117945 -0.512989 0.966521
 -0.688355 -0.655823 -0.841828 -1.741424 0.926773 0.349690
 0.347856 0.890608 1.020979 2.091017 -0.209256 -0.977291
 1.053603 0.221332 1.071710 -0.989069 1.952351 -0.730025
 -0.072393 0.459249 -0.059159 0.441151 0.230210 -0.738865
 0.735202 0.177120 -0.797489 -0.581768 0.772033 0.649074
 -0.724093 -0.137796 -0.513810 -1.461737 -0.053396 2.172404
 -0.874002 0.496107 -0.338387 -0.348711 -1.680286 -0.981350
 0.848005 0.166248 0.337828 -0.631820 1.503775 0.882868
 -1.069017 0.342430 -0.515411 -1.413327 2.395710 0.215511
 -0.094707 0.680814 -0.845963 1.223986 -0.316281 -0.122758
 -0.379319 0.568971 1.018387 0.789135 0.838980 0.374118
 0.972851 -0.495742 0.837397 -0.002085 2.168017 0.886520
 1.039058 1.039421 0.284573 1.320804 -1.383079 1.197457
 -0.881549 1.095198 0.384025 -1.519428 -0.291998 0.260746
 0.241454 0.484705 -0.364523 0.981482 1.256004 1.315790
 0.642378 -0.734218 0.692435 0.820530 -0.718290 1.578821
 -0.665731 1.031259 0.383310 1.322108 -1.181285 1.321887
 -0.269217 -0.347350 0.529048 -0.290863 0.721306 0.868304
 0.902560 -0.203675 -0.128924 -0.372242 -0.140920 0.870797
 0.564341 -0.362985 0.034353 -0.420859 -0.442845 -0.734639
 0.011666 -0.840821 0.274688 0.246979 0.218420 0.205221
 0.546493 0.723932 1.049308 0.482465 -0.309680 -0.482068
 -0.786317 -1.065044 0.393281 1.196548 0.174486 -0.718344
 -0.221842 0.730332 0.758915 -0.724747 0.285740 -1.866410
 -0.285720 0.628391 0.907680 1.333764 -0.584103 1.671367
 0.109852 0.898208 0.022446 1.512387 0.262940 -0.366500
 -1.015250 0.346713 0.469950 0.330947 0.628475 -0.555604
 0.045995 -0.325311 -0.916119 0.266705 -1.252843 0.330848
 -0.231495 0.734713 0.370725 -0.330036 -0.618801 -0.391606
 -0.766841 -0.101837 -1.016422 0.754085 1.511830 -1.430520
 0.819341 0.139394 -0.781820 0.284192 0.207098 -1.880232
 0.808904 0.981752 0.960981 0.508452 -1.199570 -0.744179
 -0.157404 -1.091615 1.010469 0.289328 0.985383 -3.086345
 -0.731871 0.687768 -0.130286 -0.965647 -0.511530 -0.287163
 -0.125943 -0.538983 -0.156010 -0.115186 -0.125146 0.762357
 -0.129928 0.690441 0.961662 -0.047705 0.605432 -1.014683
 0.351246 -0.255235 0.237651 0.474852 1.086792 -0.320793
 0.071209 1.029399 -0.767036 -1.003787 -0.161672 1.928746
 0.780391 -0.377795 -0.285859 -0.152927 -2.024504 1.164647
 0.556637 1.089109 0.785560 -0.867446 -0.900552 1.264088
 1.085520 0.313506 -0.543545 1.735500 -1.335409 0.124840
 0.370104 -0.721293 -0.546730 1.003359 -1.215247 -1.864127
 -0.336298 0.783901 0.456610 -1.054993 -0.305133 -1.850533
 -0.899510 0.295983 -0.417708 -0.111024 1.224897 -0.595785
 -0.123649 1.026752 0.555006 -0.366392 -1.099523 -1.616851
 -0.317118 0.483127 0.800632 -0.617995 0.054344 0.265247
 0.510818 -1.088420 -0.485319 -0.593405 -1.096238 1.149509
 0.315349 -0.456155 -0.898371 -0.142125 1.386620 -0.240003
 -0.555096 0.581191 -0.065409 -0.721369 0.209556 1.032648
 0.029513 -0.887407 0.879846 0.466850 -0.281294 0.554951
 -0.200827 -1.005954 -0.811918 -0.463907 -1.134615 0.160622
 -0.283175 -0.554700 0.120508 -1.261771 -0.156464 0.487201
 0.068870 0.867100 0.680604 1.199938 0.423806 0.050047
 0.382410 0.693273 -0.806208 -0.481610 0.855269 -0.954043
 -1.085725 0.001401 0.702685 -0.032435 -0.687434 -0.906889
 -0.506925 1.039937 1.098564 -0.141918 0.337161 0.014667
 0.879197 -0.092648 -0.268730 0.562501 0.805906 1.255815
 0.343468 0.415012 -0.235630 0.145908 -0.811309 0.860173
 0.836755 -1.072582 -0.725949 -1.082148 -0.201369 0.005936
 0.272562 0.378609 0.715605 -0.874514 0.288479 0.920777
 0.308485 0.397765 1.060437 -0.041264 -0.497495 -0.159012
 0.652278 -0.001066 -1.059433 -0.507034 0.468615 1.043959
 0.958235 -0.353170 -0.284507 -0.130159 0.428222 0.858425
 -0.684103 -0.917194 -0.849851 -0.051369 1.884381 -0.385334
 -0.045196 -0.693651 0.838801 -1.550460 -2.037803 0.222342
 -0.455390 0.930940 0.992161 -1.638493 0.092742 -1.458105
 -0.461028 -0.317287 0.914753 -0.920783 -1.090772 0.456773
 -0.840535 -0.875708 -1.067049 -0.360571 -0.767151 -1.396681
 0.042573 -0.829860 0.664204 0.263295 -1.787212 1.442463
 -0.279229 -0.157354 0.858233 0.837278 0.324838 -1.556786
 0.415155 0.972266 -0.764912 -0.460413 1.512592 -0.428864
 0.074402 -0.423893 0.082074 -0.835687 0.435058 0.006997
 -0.176382 0.311273 -0.545451 0.250888 0.038030 0.837017
 -0.073796 -0.834711 -0.568183 0.605660 0.275948 0.705321
 0.759838 0.905451 -0.432196 1.559018 -1.135657 1.301222
 0.396414 -0.538069 -0.495572 0.173785 -0.582899 0.194155
 -0.248339 0.499470 0.633268 -0.876180 1.085278 -1.283202
 -0.368388 -0.546155 -0.079383 -1.210478 -0.516946 -0.783506
 -0.043285 0.935315 0.725366 0.581018 -0.499603 -0.409666
 -0.931153 -0.669905 -0.925238 1.567602 1.091648 -0.047211
 0.486467 1.084782 0.917608 0.611584 0.135152 -0.049878
 -0.919009 -0.890428 -0.478821 1.221559 -1.558268 -0.242584
 0.704985 0.589767 -0.630946 -0.813844 1.788641 0.193643
 -0.388145 0.030892 -0.370210 -0.568623 2.419235 0.649597
 0.528727 1.008391 0.951386 -1.323755 0.665441 -0.012470
 -0.579410 -0.927118 0.737443 -0.641780 -1.209064 -1.046294
 -0.091561 0.405272 0.493751 -0.712933 0.892321 0.765613
 0.141859 0.399452 -1.055441 -1.275352 -0.416700 -0.540693
 -0.607359 0.524781 -0.816355 1.110321 -1.549591 -0.902488
 0.693669 -0.381414 0.928375 0.276613 0.885814 1.725209
 0.132461 -0.470926 -0.248363 -0.175025 -1.696774 1.630116
 -0.478028 -1.048797 0.289845 -0.528756 -0.269629 -0.134579
 0.674214 0.876633 -0.189731 0.428560 0.007193 -0.966432
 -0.871934 -0.975638 -0.766552 0.351828 0.708963 -1.289841
 -0.811048 -0.919058 0.910346 -0.144240 0.300553 -0.495491
 -0.500933 -1.052716 0.153253 -0.782939 -0.849716 -0.621958
 -0.562145 -0.119714 0.654384 0.143334 -0.445613 1.410053
 -0.498389 -1.022035 -0.214806 0.092979 -0.847389 -0.890540
 0.575490 0.897998 -0.842386 0.910664 -0.453184 0.057070
 -1.028559 0.929132 0.145286 0.816777 1.190460 1.472917
 -0.081112 0.602105 -0.937644 0.059810 -1.190813 0.439247
 0.403937 0.536014 -1.024402 -0.666219 0.048330 -1.260452
 0.599415 0.650505 -0.745471 0.020542 0.783045 -0.213740
 -0.671982 0.835690 -0.151467 -0.015179 1.533645 0.406411
 -0.050109 -0.400985 -0.769473 -0.184240 0.433828 -0.149311
 -0.365182 -0.344214 0.803513 -0.640086 -0.223781 -0.277423
 -0.343309 -0.683837 0.827847 0.073790 -0.586672 0.016416
 1.099063 0.873709 -0.492128 1.077754 0.060068 -0.546891
 -0.836603 -0.325800 -0.891484 0.482498 -0.540466 -0.071522
 0.210279 0.825819 0.909012 -0.502927 0.557920 -2.445301
 0.035030 -0.565401 -0.131033 0.071019 -0.443635 0.989554
 0.903511 0.424322 -0.467790 -0.672961 -0.561002 0.213211
 -0.625466 0.099286 0.232680 -0.471824 1.009318 0.417899
 -0.219963 0.363225 -0.214715 -0.111615 0.291489 -0.140790
 0.121254 0.169921 0.357657 0.266574 -0.830369 0.411870
 -0.247524 -0.498973 -0.632080 -1.463103 -0.092438 1.034398
 -0.657643 -0.059088 0.507940 -3.504505 1.362550 -0.310265
 0.179167 -0.576501 0.090189 0.270485 -0.387974 0.021377
 -0.139120 0.979444 -0.352197 0.340518 0.218247 0.876515
 1.065006 0.736103 0.591215 -0.760842 0.161087 1.110005
 1.022349 1.063250 -0.318298 -0.008950 -1.120196 1.448607
 -0.284276 1.024074 -0.675381 0.738006 -1.146426 -0.648135
 0.677413 1.095124 0.498366 0.552820 -0.600859 -0.354565
 -0.421434 0.897076 -0.305084 0.382492 1.858825 -0.850885
 0.737190 -0.152842 0.653341 -2.739423 0.237229 -0.976470
 -0.112140 -0.405448 -0.307815 -0.249819 0.477769 0.121762
 -0.995312 -1.026609 -0.696926 -0.226528 -0.985798 0.438612
 0.522654 -0.890272 -0.620497 1.923256 0.095117 0.200924
 0.967107 -0.209001 -0.361875 0.195859 -1.461714 -0.919554
 -0.121907 -0.579180 0.545472 -0.391798 1.529475 0.721379
 -0.759966 -0.818266 -1.022952 -1.888813 0.243112 0.192505
 0.166171 -0.003006 0.506303 1.001807 -0.542744 0.254782
 -0.211872 0.407608 -0.380707 -0.400263 -0.213063 -1.285526
 0.451519 -0.755343 -0.947685 -1.359967 1.294271 -0.041696
 0.571712 -0.082987 0.499044 0.113498 1.368844 -0.875930
 -0.742646 0.625427 -0.606646 -0.088107 0.353319 1.385602
 0.983766 0.522541 0.100328 0.201258 -0.153764 -1.552989
 0.840570 -0.287796 0.393146 -0.775191 2.110431 0.569915
 -0.716205 -0.851151 -0.232879 -0.579966 0.228585 0.759040
 0.103005 0.459627 -0.830699 0.362724 0.686360 0.235947
 0.130550 -0.243599 0.185244 1.467879 1.464553 1.464021
 0.890778 0.092260 0.806910 0.352716 0.432485 -0.880472
 -0.073765 -0.983675 0.950790 -0.411907 -0.803692 0.279127
 -0.511475 0.388728 -0.413490 0.303857 -0.864118 0.117864
 0.990335 -0.503153 0.400951 0.513039 1.376487 -0.059229
 -1.009366 0.684468 -0.011039 -0.638297 -0.129009 0.428951
 -0.300649 -0.626939 1.089271 0.118348 -0.349641 0.445399
 -0.221252 0.459088 -0.781799 -0.004535 0.585637 -0.235305
 -0.349772 0.262123 0.669599 0.481135 -0.852577 -0.216015
 -0.184530 0.988349 -0.048470 -0.051365 -0.291520 -1.110935
 0.761733 -0.162405 0.238526 -1.247481 -0.403468 0.638086
 0.378557 -0.149058 -0.316795 -0.216274 -0.195210 0.966052
 0.018033 -0.860727 0.759341 -0.568478 -0.176539 0.585935
 0.070108 -0.394518 0.707355 0.683674 -0.097549 -1.256072
 -0.246149 0.204194 0.331633 0.485486 0.898606 -0.174328
 0.802479 0.497921 0.284071 0.550027 -0.525494 -0.173868
 -0.321155 0.303686 -0.071796 -0.613514 0.861664 -0.415306
 -0.068616 -0.350717 0.453928 -1.872810 0.868705 0.364607
 0.892994 -1.081760 0.027596 0.746284 -0.773185 -1.512625
 0.074958 -0.105961 0.177958 -0.235236 -1.185629 -0.096008
 -0.847239 -0.818980 0.567337 0.018439 0.644407 -0.079805
 -0.203761 0.052884 -1.020029 -0.178049 0.700488 -2.853386
 -0.390262 0.553335 -0.532987 -0.354605 -1.147085 1.553095
 -0.612725 -0.104643 0.932140 -0.716651 0.069362 1.520273
 0.925130 -0.050908 -0.324434 0.124281 -0.947428 0.197106
 0.121928 -0.555379 0.212989 0.430445 -1.119498 -0.018776
 0.449207 0.378851 -0.800388 -1.332649 1.803456 1.494261
 -1.029553 -0.698251 0.697420 -1.431685 0.837577 -0.707757
 0.735730 0.268756 0.600984 2.790887 -0.989218 -1.238244
 -0.860293 0.555387 -0.738683 0.420382 -0.390979 1.367372
 0.961416 0.102150 -1.055225 -2.153091 -0.342709 -1.026148
 0.530546 0.119382 -0.063636 0.447496 -0.796578 -0.798633
 -0.029640 -0.939903 -1.061617 0.766084 -1.900795 -0.506691
 -0.834860 -0.917274 0.501665 -1.744205 0.528020 -0.677906
 0.587165 0.077267 1.081385 -1.538686 1.525023 -0.663691
 -0.891105 0.812134 -0.589383 0.763755 -1.389947 1.359787
 -0.661326 -0.995961 -0.540965 -0.037663 -0.762212 -0.503664
 -1.031643 -0.329615 0.559637 -2.288296 0.770730 -0.118536
 -0.836399 1.007351 0.834926 -0.467593 -0.283625 0.052402
 -0.091486 -0.964766 -0.709186 0.258971 0.874115 -0.140748
 -0.691839 -1.091242 0.584075 -0.680573 -0.393853 0.529795
 0.674064 0.896581 -0.092296 0.620952 0.114166 1.139946
 0.296795 0.319004 1.036004 -0.423707 -0.531692 1.282897
 0.568629 -0.258051 0.909324 -0.791204 -1.186073 -0.726639
 -0.516681 -0.646633 -0.533974 -3.167726 -0.026381 0.312707
 -0.549933 0.150214 0.216522 -1.562135 -1.213502 0.133524
 0.266082 0.921808 0.748276 -0.796714 -0.440676 -0.234510
 0.887247 0.654992 0.368653 0.706668 -0.753763 -0.337533
 1.046811 1.019753 -0.980622 2.856165 -0.110107 0.491555
 0.585379 0.540524 -1.083184 0.324136 -1.153562 -0.283024
 0.704279 0.227128 0.549790 0.579228 0.498234 -0.732996
 0.864065 0.183403 -0.819004 1.179202 -0.706768 -0.866921
 0.087336 0.231497 -1.080691 0.357974 0.808827 1.639290
 0.303787 0.671249 0.452233 -2.262243 -1.324654 -0.477246
 0.512998 -0.369254 -0.022332 0.752498 0.396193 0.579651
 -0.593798 -0.812078 -0.526190 0.689385 1.294272 1.775241
 -0.978062 -0.280849 0.811735 -0.198992 -0.161079 0.664685
 -1.098858 -0.979804 -0.337310 2.122124 0.499711 -1.295997
 -0.173316 -0.954422 -0.017332 2.069662 -1.369378 0.843422
 0.514105 -0.771671 -0.237511 1.048614 -0.277387 -1.106982
 0.677253 0.834542 0.621880 -0.002564 -0.557370 1.151709
 0.884162 -0.243751 0.159467 0.505529 1.959914 -0.718905
 0.650577 -0.381109 1.091066 0.860712 0.688369 0.001156
 0.526722 0.714716 -0.041867 -0.064207 0.498884 0.576964
 0.701888 -1.095219 0.757979 0.824879 -1.070576 -0.307038
 0.897869 0.460155 0.483061 0.567109 -2.271029 -0.812699
 -0.212982 -0.839094 -0.236790 -0.128637 -0.630729 1.616568
 -0.017784 0.007495 -0.353435 0.925128 2.343768 0.167534
 -0.948205 -1.054038 -0.135216 0.691620 -0.281524 0.577070
 -0.973701 0.704532 0.224378 0.754180 0.697567 0.414917
 0.728506 -0.366986 -0.348884 -0.980793 -0.424140 -1.611695
 0.388621 -0.734889 -0.429276 -1.065195 0.011975 -0.521590
 -0.917036 -0.173109 1.070184 1.281563 0.771887 -1.477513
 -0.372305 -0.941962 0.167617 -0.634886 0.741467 -0.997704
 0.354498 -1.092659 -0.940622 0.628064 0.895129 -0.911812
 -0.057867 0.369602 1.052297 1.270454 -1.060353 2.657864
 0.331872 0.114102 -0.521596 -1.996206 -0.888207 -0.186981
 -0.561856 0.819877 -0.158036 0.099116 -1.687700 -0.110504
 1.055930 -0.934225 0.437101 0.011308 -0.333510 -0.143785
 0.875682 1.013074 0.882826 -0.388013 -1.054456 0.548716
 -0.578048 0.072097 -0.036123 0.868828 1.922976 1.524559
 -0.600635 -0.617173 0.364535 -0.255647 0.222224 0.412494
 0.465452 0.254698 -0.289570 0.718278 0.078331 -1.354264
 -0.427186 -0.883153 -0.035278 -0.853895 0.277353 0.368397
 -0.636307 -0.072804 -0.168453 -0.965356 1.163582 0.805764
 0.985306 0.448900 -0.997039 -0.243238 1.173321 -0.157859
 0.310232 -0.871536 0.570184 0.792504 -1.297075 -1.714834
 -0.987896 0.016605 0.630771 -0.487523 -0.492325 0.550343
 -0.446923 1.014792 -0.525085 1.291697 0.720412 0.323436
 0.790234 0.424348 -0.810054 -0.988751 0.947866 0.521821
 -0.022647 0.438917 -0.638309 -0.321267 -1.691733 -1.386273
 -0.578459 0.034979 -0.345655 0.197504 1.668760 -0.180959
 -0.322365 0.334410 0.918849 1.173994 -1.064908 -0.100803
 -1.000744 -0.519294 -0.902977 0.303569 0.349344 0.258721
 0.546472 -1.045419 -0.910729 -2.020232 1.396770 0.073325
 0.791424 -0.381280 0.997068 -2.896195 0.850735 2.006703
 -0.273732 -0.102880 0.972069 0.515262 0.095545 -0.039644
 0.355462 0.867896 0.156025 -0.923009 -1.093540 0.741153
 0.016724 0.878312 -0.160591 -0.385538 1.466506 -1.623682
 0.230875 -0.047721 1.015042 -0.823354 0.738319 0.947495
 0.625296 0.766310 0.661022 0.986017 -1.417483 -0.282070
 0.274827 0.562369 -0.828815 0.432343 1.969110 -0.074516
 0.594479 -0.420081 -0.384574 0.445392 0.735040 -1.647956
 1.061503 -0.074777 0.089479 -0.426158 0.122010 -0.549033
 -0.350031 0.666910 -0.072361 -0.028332 -0.594293 -1.153911
 -0.884840 1.011697 0.429603 2.579417 0.389691 0.358103
 0.923836 -0.457209 -0.957068 -1.076699 -0.124672 0.619921
 0.377608 -0.006550 -0.173742 -0.612457 -0.850330 -1.391325
 1.069218 -0.403964 0.741739 -1.093664 -0.058700 0.623558
 0.228571 0.859870 1.091966 1.291482 -0.133312 -1.279863
 0.444142 -0.084605 -0.841630 -1.085408 -0.802054 0.652606
 0.937461 -0.651506 0.238064 0.741858 1.231336 1.488623
 -0.722169 0.725518 0.151076 0.267564 0.449231 -0.431406
 0.316474 -0.699664 1.088943 -0.197915 -1.450016 -0.453043
 -0.621328 0.403201 -0.389454 0.114582 1.679543 -0.178416
 -0.070958 0.065598 0.147876 0.435823 -0.300941 1.856794
 -0.758303 0.915018 0.092154 0.004280 0.594429 0.204059
 0.189686 0.006281 0.694318 -1.293359 -0.780332 -0.371984
 -0.892121 -0.749451 0.227073 -0.682036 0.130444 0.376550
 0.658731 -0.159839 0.637899 -1.393946 0.065029 1.407899
 -0.804594 -0.532565 0.216387 0.388918 0.290514 -0.682152
 0.646848 0.945383 -0.507843 0.336442 -0.873383 0.764770
 0.902543 1.083201 -0.771115 -0.907569 2.370716 2.581265
 0.091885 0.593663 0.929141 0.209557 -0.204864 -1.127710
 -0.452090 -0.842906 0.599494 2.012040 -0.589753 -2.028073
 0.351187 0.723426 0.490203 -0.431742 -0.002724 -1.047112
 0.488595 0.893913 1.035120 -0.499595 0.438247 0.259771
 -0.629699 -0.001023 0.448186 1.490485 -0.062729 0.972911
 -0.841255 0.795584 -1.078551 0.665252 0.416397 -1.824283
 -0.387336 -0.416621 -1.009137 0.346005 0.668694 1.321514
 -1.011612 -0.384774 0.747106 2.111848 -0.322254 0.635571
 -0.409297 -0.547851 -0.369189 1.610992 -0.895913 0.614692
 -1.002159 0.802979 -0.712462 0.356161 0.658179 -0.693097
 -0.078309 0.542290 1.038225 -0.540914 0.905088 -0.554000
 -0.618181 0.596930 0.279175 -0.066696 -1.128583 0.050802
 -1.055425 -0.484201 1.082218 0.042627 0.553024 -0.769098
 1.049342 -0.837737 0.620544 -0.902796 -1.216804 -0.080921
 0.390045 0.791209 -0.038320 0.535814 -0.994271 0.551727
 -0.169880 -0.110475 -0.957378 0.789741 1.212605 0.473556
 -1.010740 -1.066606 -0.205655 -1.294963 1.069880 2.061152
 0.351266 0.672054 -0.602910 -1.446537 -1.136664 -1.185435
 0.907835 -0.167622 -0.416847 -1.825048 2.429382 -0.409455
 0.410686 -0.111881 -0.148624 0.518338 -0.454682 1.014156
 -0.359009 0.636663 0.446275 1.108606 0.546523 -1.397871
 -0.516038 -0.854051 -0.898925 -1.421952 0.488839 -0.305971
 0.198876 0.514353 0.304541 -0.310916 -1.311196 -0.640185
 0.312507 -0.310736 0.839435 -3.563929 0.306185 -0.384791
 1.003697 -0.100209 0.865532 0.321821 -0.658539 -0.038498
 -0.858764 0.338468 0.731545 -1.389489 0.055973 -0.393430
 0.853287 -0.360568 0.418867 1.006501 0.067054 1.661637
 -0.750672 0.579215 0.888129 -0.318839 -2.311843 -1.546449
 -0.961534 0.549586 -0.982044 0.682315 0.509051 -1.403583
 -0.828818 1.053122 -0.097521 0.812043 -0.778720 0.624480
 1.041925 0.798955 0.930767 0.285010 -0.622580 -0.920686
 0.664183 -1.028486 -1.003244 -0.448190 -1.386741 -0.518377
 -0.118673 1.055235 0.677003 -0.962542 -1.508538 -0.647774
 0.798765 0.068755 0.795293 0.168630 0.116977 -1.749263
 0.702765 0.859315 -0.656381 -0.189965 -0.730135 -1.120208
 0.137093 -0.037467 -0.906606 -0.060354 -0.214496 -0.481100
 -0.829295 -0.445602 -1.047750 0.708809 -1.806630 -0.132507
 0.273971 -0.414556 -0.928380 0.318909 0.242192 -0.306073
 -0.958085 0.746123 0.063990 -0.555846 0.356506 -0.402192
 -0.391489 -0.812425 0.838332 0.311913 -0.554575 -2.015827
 0.400547 0.357928 0.642344 1.082896 0.236602 -0.756858
 0.032039 -1.075035 0.714637 0.535415 0.069507 0.104865
 0.691585 -0.811812 0.044954 -0.141466 0.888375 0.355896
 0.896752 0.542155 0.690490 0.553521 0.649723 0.411622
 -0.518046 -0.267403 -0.548026 1.101722 0.977113 -0.951680
 0.975335 -0.840596 -0.186025 0.607552 -0.085440 -1.361848
 -0.673429 0.616669 0.368194 -2.032546 -0.269515 0.700297
 -0.655635 0.551713 -0.907753 1.040044 0.689898 0.675545
 -0.579586 -0.235279 -0.781573 -0.523112 0.549448 -1.721776
 0.396435 0.235960 -1.021151 -1.368284 0.303226 -0.355604
 0.202517 0.196244 -0.929196 0.725614 -0.240046 1.635229
 -0.448248 0.436258 -0.954526 -0.169920 0.983808 -0.769219
 0.446956 -0.804900 -0.565594 -1.129115 -0.673376 0.645728
 -0.022428 0.543699 -0.230507 1.177976 0.291736 0.201352
 0.530800 0.840424 0.271774 -0.017227 -1.140349 -0.541814
 -0.405717 0.698703 0.471955 -1.482874 -1.224203 -1.676763
 -0.221387 -0.089727 0.372284 0.129124 0.411051 0.292192
 -0.562602 0.568922 0.531574 0.922212 -1.512570 1.490169
 -0.075098 0.520307 0.100433 0.292484 0.877017 0.088133
 0.794348 0.482562 -0.910219 -0.393438 0.181510 -0.884546
 -0.966954 -0.239822 -0.772754 0.088757 1.651290 -1.079724
 -0.759820 0.422403 -0.417750 0.319482 2.642074 -0.353044
 0.366640 -0.120081 -0.810103 -0.608492 -0.359437 1.423762
 -0.258621 -0.127262 -0.705930 -0.599504 -0.310927 0.508599
 -0.795957 0.960039 0.926642 -0.613893 -0.819612 0.368855
 -0.198874 -1.019251 -1.080001 1.543662 0.091220 -0.487653
 -0.367155 0.652448 0.286515 -0.357038 -0.621491 0.279309
 1.087807 -0.652625 1.099943 0.659462 -1.547808 0.168827
 -0.477849 -0.434791 0.000343 -0.036153 1.760305 -0.169426
 -0.494072 -0.802274 -0.993403 0.196426 0.269701 -0.641583
 0.071557 0.034431 0.417236 1.476343 -0.979811 0.548187
 -0.143293 0.249988 -0.339832 0.790125 1.762667 -1.657563
 -0.459494 1.059100 -0.006099 0.220638 -0.596070 0.567275
 0.199479 -0.608198 0.969818 0.594534 0.229018 0.969168
 0.019433 -1.037533 -0.589995 1.047818 0.347007 -0.261344
 -0.719662 -0.896599 0.413661 0.464634 1.165110 -1.322364
 0.908190 -0.268482 0.694972 0.123360 -0.076483 -2.189693
 -0.062306 -0.721441 -0.754228 -1.432317 0.749154 2.152589
 0.293652 -0.513269 -0.173976 -0.117730 1.072207 -0.632038
 0.478311 -0.477498 -0.328439 1.381126 0.227266 -0.458113
 0.665091 -0.985119 0.321300 -0.245431 0.833678 -1.159894
 0.654527 -0.247536 -0.644354 0.835725 0.982243 -0.069834
 -0.877109 0.101712 -0.725887 0.996398 -0.190629 -1.517227
 0.753842 -0.643297 -0.638346 -1.200468 -0.587347 1.779528
 -0.404488 1.050996 0.744224 -0.053202 -1.469475 1.374026
 -0.402526 0.003669 0.215910 1.124652 -0.555390 1.176792
 0.838185 -0.445996 0.686981 -0.038164 -0.494686 0.268065
 0.397729 -0.830923 -0.178519 -1.700382 1.015501 1.392721
 0.938304 -0.084471 0.948413 -0.171833 0.760145 -0.855225
 -0.815725 0.538816 -0.132722 -0.585954 -1.046301 -0.845249
 0.725780 0.486719 0.379934 -0.015526 2.128680 2.472676
 0.157575 -0.550828 1.027973 2.621596 -0.632100 -0.464559
 1.078489 -0.873192 -0.576515 -0.624385 -1.642561 -2.213058
 -0.683912 -0.458773 0.362450 -2.987174 -1.120096 0.476253
 -0.226155 -0.208050 -0.516804 -1.182648 -0.270869 1.726603
 0.099025 -0.777946 -0.792372 1.126106 0.132559 -0.374668
 0.580771 1.053177 -0.401858 1.178655 -0.588771 -0.084509
 0.675512 -0.292603 -0.351701 0.086558 -1.323258 0.148841
 0.397843 0.631532 1.038390 0.842845 0.792525 -0.396611
 -0.311396 1.092309 0.001133 -0.057923 0.313062 0.207822
 -0.251651 -0.796698 0.996005 -0.443045 -0.450824 -0.643752
 0.177405 -1.079787 0.842283 1.533367 -0.725883 0.663469
 0.404159 0.630621 0.143266 -0.908532 3.177957 -2.496119
 0.744290 0.115905 1.023011 0.697395 -0.093967 1.968945
 -0.487131 -1.080748 0.423777 1.299649 0.684097 0.904313
 -0.251184 -0.530870 -0.891613 0.552247 1.755084 0.305348
 1.039140 -0.433512 0.557972 -2.346610 -0.309539 -0.776806
 -0.584307 1.086620 0.887635 1.146379 -0.580720 1.048858
 -0.996591 0.385337 0.693457 -0.170546 1.001606 -1.154036
 0.025374 0.182988 -0.923278 0.264917 0.378623 0.847669
 -0.791372 -0.468671 -1.081166 0.537803 0.961230 -0.920252
 -0.996851 -0.042348 -0.601231 0.081121 1.737633 1.208304
 -0.187461 -0.944863 -0.506817 -0.456545 -0.115955 0.709812
 -0.494737 0.163775 -0.287362 -0.414546 -0.578805 -0.248559
 -0.497778 -0.684224 0.237740 1.254077 -0.159682 -0.536299
 -0.220813 -0.518473 0.456071 0.267290 0.457847 0.629529
 -0.025951 0.641714 0.411884 0.304276 1.213038 -1.105248
 -0.847408 -0.903159 0.990949 1.400454 -0.634817 1.127757
 -0.137850 -0.082557 0.689778 -0.877684 0.799910 1.057107
 -0.607146 -0.717108 -0.668077 -1.228509 0.094317 1.302282
 -0.122908 -0.485530 0.643443 -0.689240 -1.145026 -0.541919
 -0.703040 0.181599 -0.520050 -1.120510 -0.449153 -0.788273
 -0.112796 0.802984 0.626449 -0.848754 2.046423 0.207958
 -0.123555 -1.047082 0.612301 -2.166874 -0.955750 -2.140980
 -0.411708 0.370323 0.428991 0.435473 1.730873 -1.419783
 0.075130 -0.436488 -0.300750 0.576046 0.486536 -0.062131
 -1.090058 0.646015 0.349138 0.061712 1.117305 -0.010269
 0.047242 0.276787 -0.863652 0.989615 0.439099 1.623601
 0.161604 0.788826 0.995643 1.316563 1.242110 0.856173
 -0.596803 -0.471652 0.600737 0.712032 0.159281 0.247933
 -0.833704 -0.550035 0.751268 0.087065 1.078356 0.597138
 -0.008012 -0.935467 -0.068406 0.102770 1.239486 0.119385
 -1.010397 0.799113 0.349914 -0.336987 -0.589403 0.463173
 -0.509908 0.090237 0.491772 -2.103852 0.873328 0.944924
 0.121841 0.198867 -0.310540 0.023091 -0.049998 0.863022
 0.218647 -0.588743 0.090089 0.997173 1.372553 1.196348
 -0.523554 -0.582656 0.043755 0.569058 -0.548924 -1.569709
 -0.215180 -0.435398 -0.475986 0.695613 0.245320 -0.654176
 -1.040661 -0.021350 0.270044 0.445601 -1.060136 1.664853
 -0.136682 0.480074 0.029844 0.529868 0.627193 -1.637519
 0.851335 -0.349595 -0.254499 0.155924 0.365649 0.523498
 0.195759 0.299171 0.492638 0.576033 2.079904 1.097808
 -0.010366 0.776486 -0.336605 0.575504 -0.660148 -1.161166
 0.405685 -0.199559 0.194127 0.161279 0.556886 -1.207715
 -0.659262 0.741533 0.568629 1.069229 0.697401 0.055930
 0.998059 0.682677 -0.318170 0.601089 -1.111407 0.548857
 -0.082008 0.516998 -1.029077 1.036893 0.003425 -1.514727
 1.089525 0.104064 1.088319 -0.006755 0.562763 0.848218
 0.870654 -0.558936 0.063724 -1.077113 0.807420 0.841138
 -0.972675 -0.571863 -0.165159 0.247813 0.420303 1.443861
 -0.383854 -0.555182 0.046459 1.618173 0.945761 -1.739185
 0.196605 0.188340 -0.433204 -2.224578 0.396718 1.395389
 -0.425301 -0.571675 0.533957 -0.703306 0.838763 0.438832
 0.872387 0.632782 0.334623 -0.338843 -1.374614 -0.113226
 -0.537391 -0.505834 -0.077898 -1.630287 0.897899 -0.637501
 0.658051 0.185395 -0.925790 -1.096659 0.578067 0.263171
 -0.217427 0.518987 -0.054377 0.000710 0.767994 -2.107753
 -0.666161 -0.767529 0.955225 0.825342 0.901410 -0.227034
 0.713792 -0.906025 0.258389 0.766777 0.024423 -1.134306
 -0.413644 -0.853376 -0.672826 0.482405 0.405826 0.029851
 1.081119 -0.536052 -0.523155 -0.529793 0.441749 -0.352496
 -0.520462 -0.495424 -1.085381 -1.202737 0.046323 -0.214142
 0.991863 -0.987937 0.206815 -0.038178 -0.361118 -1.165304
 0.460371 0.775715 -0.530341 0.055848 -1.358037 -1.857167
 0.157360 -0.783171 -0.832452 -1.311265 0.329294 -0.278139
 0.533459 0.752960 0.875410 -1.189247 0.454689 0.123545
 -1.044834 -1.073577 -1.054301 -0.393195 -0.277721 -0.704814
 -0.141342 0.098833 -0.979412 -0.412518 1.061752 0.722308
 -0.970331 0.258128 -0.242636 1.776903 1.530819 0.382832
 0.657615 -0.620436 0.167090 -0.313809 0.102648 -0.765294
 0.431381 -1.057071 0.878079 0.105466 -1.468819 2.192758
 -0.041926 -0.168675 -0.872590 0.033369 -0.521780 0.317178
 0.695601 0.672405 -0.822897 -1.319986 0.439745 -0.209760
 -0.626304 -1.086494 -0.727374 0.182639 0.160597 2.455609
 0.899772 -0.915875 0.570743 0.070253 1.717903 1.201789
 1.090457 -0.959705 0.773925 0.942235 0.478494 2.302669
 0.811599 -0.397893 0.769741 -0.128961 -1.921391 -0.927081
 0.230451 0.492051 0.437887 1.319668 0.223957 1.473402
 -0.243443 -0.634696 0.070950 0.217801 -0.056166 -1.318261
 -0.676192 0.540154 -0.665590 0.465468 0.671482 -0.234131
 -0.687414 0.379592 0.777085 -0.390649 -0.737542 1.147918
 -0.279521 0.539701 1.077671 1.319641 -0.695957 -0.976215
 -0.009832 0.800747 0.948069 0.339490 -0.646970 0.744611
 -0.417112 -0.117761 0.917177 -1.148277 -0.053792 -0.084191
 -0.141823 -0.681442 -0.699156 0.770086 2.386641 0.278547
 0.007751 -0.826485 -0.086204 -0.339687 0.093399 0.099584
 -0.875048 -0.543512 0.925370 0.026492 0.672385 1.276437
 -0.374203 1.029704 -0.959787 -0.454014 -0.068863 0.676238
 1.025340 -0.006437 -0.804070 0.837478 -0.521649 0.952711
 -0.124335 -0.952050 -0.088744 1.432663 -1.694319 -1.551390
 0.690127 -0.898860 0.593823 -0.128792 0.059680 -0.781461
 -0.214545 0.555266 -0.240320 -1.480603 -1.997522 -1.801759
 0.040956 -1.073387 -0.800495 -0.802731 -1.866177 1.587209
 -0.831795 1.095948 -1.089958 -2.051254 0.425014 -0.926917
 -0.940307 -0.207910 0.066412 -0.920489 -0.760490 0.676070
 -0.911125 -0.662857 -1.048376 0.229774 0.538605 1.262833
 -0.989477 0.557294 0.242565 -1.100622 -0.529336 -0.200976
 0.559724 -0.851946 0.370607 -0.640618 -0.427745 0.190742
 -1.035869 0.798852 -0.116117 0.918356 0.530385 1.224351
 -0.725087 0.462166 0.595792 -0.961729 -1.629762 0.294713
 0.418651 -0.302613 -0.103300 0.459210 -0.481229 0.202489
 -0.269941 -0.997496 -0.914876 1.373444 0.104766 -0.816377
 -0.520934 0.226099 -0.936560 0.226614 1.367584 0.480957
 1.029370 -0.765337 -0.834181 1.112876 -1.088532 -0.721621
 -0.163315 -0.830901 -0.613432 1.798637 0.609986 -0.979060
 -0.051545 0.137458 -0.057610 -0.177035 0.568292 -0.576786
 -0.695530 0.757851 1.025671 0.313955 1.889237 0.332558
 0.081066 -0.706239 0.195758 -0.203495 -2.096294 -0.093852
 0.623642 0.743031 0.231555 -1.059966 -0.161134 -0.214356
 -0.936574 -0.639922 -0.548521 0.691673 -0.142250 1.416006
 -0.806252 -0.407599 -0.204683 -1.221415 0.975727 0.435910
 -0.658124 -0.731875 0.472248 0.233706 -0.020237 -0.321736
 -0.714752 -1.044385 0.533648 1.340814 1.408969 -1.279398
 0.420051 1.094024 -0.624539 1.642976 0.043858 -2.076795
 -0.112632 0.727392 -0.446458 0.593265 1.005840 1.286385
 0.415601 0.578330 -0.761364 1.270577 -0.078027 -0.672755
 0.479645 0.199640 -0.321528 -0.164823 0.830310 0.119656
 -0.600536 0.295489 -0.039372 -0.027306 0.821011 0.816372
 0.005868 -0.748168 0.350605 0.755340 1.391579 -0.168455
 0.981184 -1.025639 0.896855 -0.090309 -1.146541 0.639719
 0.786152 -0.388341 0.057748 -0.417515 2.037981 0.491002
 0.605602 -0.803821 1.018819 1.097756 0.895788 -0.024882
 -0.583089 0.864538 0.387651 -1.385923 0.016920 1.301199
 -0.945662 0.131955 -1.098735 0.391218 -0.633942 0.590550
 -0.639032 0.887931 0.900170 1.460904 0.383981 0.229717
 0.118660 0.697492 0.651102 -0.560294 -0.585483 -0.521318
 0.259030 -1.086471 -0.579533 -0.171179 1.257615 0.182027
 -0.273905 -0.908813 0.558719 -1.408547 0.692360 0.876517
 0.512967 -0.727543 -0.188206 -0.133147 0.527943 0.681648
 -1.099332 0.457947 0.936697 0.454467 0.149845 -2.779147
 0.573883 0.459080 -0.741897 0.495767 0.864694 -0.327920
 -0.638575 0.368779 0.557996 0.031674 -1.709166 0.250096
 -0.625163 0.082621 0.267413 0.384301 -1.383032 0.357363
 0.915841 -0.829799 -0.444782 0.317544 -1.069272 -0.201727
 0.468596 -0.584137 0.624094 -0.275333 -1.787272 0.856195
 -0.616240 -0.494584 -0.576602 -0.282451 -1.745901 0.773847
 -0.841445 0.509628 0.795728 -1.468125 0.225883 0.575205
 1.001257 -0.068800 0.672660 -0.264908 0.198993 0.084473
 -0.716100 -0.790245 1.030535 -0.265930 -0.803752 -0.769815
 -0.183636 0.645831 0.215627 0.616587 0.226771 1.429595
 -0.594010 0.733144 0.058156 -0.273427 1.912592 -0.825985
 -0.253028 0.612751 0.737893 -1.588542 0.019587 1.200441
 0.075716 0.602001 -0.640040 0.400285 1.065863 0.013690
 0.899748 -0.605794 -0.211774 -0.142396 1.541989 0.960681
 1.004911 -0.271186 -1.009839 -0.483793 -0.021004 -1.061142
 0.659554 -0.232341 -0.566382 1.470761 1.331883 -0.600750
 -0.614709 0.554342 0.305218 0.851641 1.661425 -0.396620
 -0.890428 0.276495 0.223934 -2.671373 -2.531922 0.607762
 0.941165 0.854371 0.321002 -0.128130 0.204562 -1.847020
 -0.748908 0.792776 0.087608 -0.036774 1.179295 -0.851060
 -0.543940 0.555263 0.754331 0.562515 0.873007 -1.555565
 0.847028 -0.576713 0.881207 0.943251 -0.150065 -0.804264
 0.468406 -0.345193 -1.092977 0.714437 0.414005 -0.085472
 -0.291798 0.093790 -0.466112 1.735153 -1.010769 -0.037655
 0.112551 -0.710732 0.511645 1.048285 0.899378 0.133350
 0.037981 -0.529622 0.977763 2.467861 -0.372595 0.235450
 0.603033 0.729261 -0.501051 -0.248514 1.835154 -0.474064
 0.067680 -0.404393 1.024094 0.610834 -0.990304 -0.699565
 -0.743721 -0.099085 -0.196107 1.062123 0.207017 -0.167058
 -0.899623 0.240086 -0.639177 1.252076 -0.939932 0.679884
 -0.718794 0.168546 -0.638320 -1.041759 -0.398841 1.113331
 0.102175 -0.813128 -0.547896 -0.825783 -0.634435 -1.319844
 0.124957 -0.344699 -0.395736 -1.466287 0.246035 1.938853
 0.844487 0.008838 0.647791 -0.159584 -0.854965 1.425477
 -1.096913 0.205231 0.228496 0.531025 1.560084 0.607135
 0.696249 -0.238979 0.417540 -0.423856 2.022732 0.495558
 0.320899 0.266868 -0.251911 -1.642655 1.437485 -1.894274
 0.629591 0.792688 0.473386 0.714784 1.316731 0.330165
 -0.423417 0.389779 -0.494334 0.454485 0.927782 -0.207096
 0.187974 1.023943 1.073650 0.894427 -0.219207 0.858074
 -1.044120 0.074521 -0.944366 0.825834 -1.207454 -1.027493
 0.345421 -0.399480 -0.223700 -0.784124 0.167308 -0.754348
 0.089578 0.569293 -1.013664 -0.727512 0.706523 -0.969981
 0.383192 1.097910 -0.553868 0.785799 0.806114 -1.149630
 -0.615622 0.091065 -0.803377 1.456998 -0.680698 -0.793696
 -0.813995 0.108852 -0.625931 0.242962 -0.979152 0.668957
 0.243664 -0.873603 -0.538124 -2.048264 -1.721248 0.110448
 -1.037961 -0.477512 0.361251 -0.278410 -0.637330 -0.736115
 0.267469 -0.414839 -0.456589 -0.128802 0.662685 -0.594723
 -0.174880 -0.978709 0.128179 0.099452 0.641082 -0.208159
 -0.561799 0.834592 -0.793700 -0.885556 0.546111 0.534997
 -0.401547 -0.522336 0.021927 -0.500785 0.745737 1.438317
 0.897129 -1.044108 0.920842 0.962553 0.633129 -0.899179
 -0.564814 0.574362 0.916785 -1.384658 -0.621239 -0.757027
 0.804842 -0.840704 0.350995 -0.831787 2.048574 -0.881351
 -0.543531 0.045820 -0.117617 -0.016859 0.127931 -0.366969
 -0.032337 0.634172 0.439983 0.172394 -1.223315 -0.273589
 -1.010837 0.236596 -0.494239 0.941462 -0.054322 -1.123218
 -0.237280 0.566872 -1.027929 -0.425951 0.635587 1.449552
 -0.081456 0.648674 0.288629 -1.328384 -1.467436 -0.749732
 0.946610 0.752208 -0.666831 0.597962 -1.379358 -0.924151
 -0.065835 0.865009 0.454033 0.668518 0.011904 -0.253861
 -0.913339 0.298280 -0.433851 1.076197 -1.234331 0.166131
 -0.762981 1.081919 -0.870975 0.425253 -0.447144 -1.664569
 0.950917 -0.262936 1.063875 0.415282 -0.399673 -0.629842
 0.003736 0.656258 0.426129 -1.030477 0.619828 -0.632643
 0.782384 -0.896952 0.348479 -1.494362 0.050938 1.064290
 -0.168134 -0.550874 -1.093549 0.847448 -2.409272 -0.339868
 -1.065336 0.276856 -0.572727 -0.333242 0.298220 -0.024899
 0.159789 0.041079 -0.954747 -1.271044 0.418822 0.324522
 -0.576403 0.913119 0.209328 -2.326009 -1.168147 0.196507
 -0.134776 -1.065506 -0.250724 2.243180 -1.004329 1.222197
 0.232888 -0.343656 0.320529 -0.026045 0.303078 -2.072329
 -0.838389 -0.268393 -0.802362 -0.085183 0.904368 0.547045
 -0.455413 -0.654544 -0.066072 0.176636 1.503952 -0.319900
 0.706893 0.645747 0.389945 -1.958032 -0.994702 0.047737
 0.125187 -0.841299 -0.189537 -0.876131 0.634974 -0.212567
 -0.249806 1.031970 -0.900928 0.888757 -0.354806 -0.075474
 0.077538 0.670685 0.208984 -0.424582 0.288192 0.630251
 0.923993 0.623010 0.704379 0.521935 1.646299 0.156455
 -0.108658 -0.644600 0.357811 -1.464616 0.027533 0.015970
 -0.840143 0.255265 -0.550278 -1.090534 1.577320 0.388776
 0.084336 0.627031 -0.981965 -0.339490 0.666655 1.687737
 0.175371 -0.178402 -0.379760 -1.820782 0.100990 0.745705
 -0.571504 0.787856 0.866299 -2.409816 -0.238343 0.516874
 -0.481072 0.085644 -0.390475 -1.209409 -0.723593 -0.859075
 -0.178877 0.683026 -0.607691 0.211849 -0.662468 0.121696
 0.940895 -0.348909 0.961889 -0.408926 -1.207438 0.367677
 1.097201 -0.626079 -0.138807 -0.468677 1.250468 0.503663
 -0.245967 -0.223713 -0.660047 -0.613464 -0.407192 -0.463843
 0.771704 -0.363204 1.073682 1.708711 -1.988911 -0.267804
 0.400498 -0.801565 0.188582 -0.029741 0.755005 0.262848
 0.333944 0.843465 -0.586844 -2.268525 1.524887 0.359445
 0.157652 0.413959 0.264266 -0.332840 0.680111 1.199505
 0.277448 -0.603600 0.520436 -0.185506 -0.495579 -0.145466
 -0.441802 0.271772 0.766676 -0.095392 -0.522270 0.254438
 1.094373 -1.009771 -0.254539 0.538653 -0.268872 0.240275
 0.044359 0.531651 0.046392 1.022497 1.810894 -0.032223
 -0.854161 0.372216 0.128380 -0.166782 0.864941 0.383645
 -0.106955 -0.142391 -0.783965 -0.705948 -2.238439 -2.098920
 0.938935 1.040211 -1.010996 0.164275 -1.084343 -0.182380
 -0.460197 -0.132826 0.543866 -0.160830 1.209599 -0.583222
 -0.964439 -0.654895 0.688636 1.550646 0.482490 1.534877
 0.273801 -0.556789 -0.151464 -0.041297 -1.077099 -0.772947
 1.005415 0.152466 1.052321 0.803179 1.620633 1.924244
 -0.344991 -0.833454 -0.194391 -0.181658 -0.518478 0.259848
 0.292277 -0.408202 -0.615625 -1.606873 -0.420379 1.039656
 0.972979 0.268192 -0.679821 0.837335 2.343783 0.263591
 -0.741476 -0.687105 0.741717 -1.472307 0.744903 -0.264151
 0.329717 0.431420 -0.701511 -0.044195 1.196943 0.390050
 0.643170 0.446290 -0.330363 0.369292 -1.178138 -0.443944
 0.979121 0.809546 0.805739 -0.034333 0.296063 -1.727999
 -0.565348 0.154437 -0.813716 -0.635114 -0.682460 0.332147
 -0.618759 -0.731481 0.309036 1.558617 -0.274440 -3.471118
 0.567365 0.273541 -0.002409 0.130036 -2.983017 -0.109202
 -0.976818 0.829890 -0.066326 0.010245 1.308136 -0.225938
 0.556644 0.461937 0.306626 -0.900991 1.411599 -0.511317
 -0.968694 0.337137 0.334345 0.294295 0.072977 0.845119
 -0.657121 -0.381213 0.252998 0.093561 0.601757 1.326477
 0.791190 -0.007266 -0.468267 -0.041014 1.122068 0.164738
 0.589029 0.435292 0.707890 0.433178 -0.488183 0.960566
 -0.821786 -0.677910 0.879482 -0.754891 -0.522917 -0.759630
 -0.598313 -0.483931 -0.550457 -1.218430 -0.609074 0.897025
 0.477670 -0.867440 0.649010 0.570978 -0.923703 0.433340
 -0.564172 0.684201 1.008183 0.553180 0.009274 -0.696914
 -0.789648 0.671713 0.490078 -0.352324 0.693187 1.557525
 1.036579 0.928362 -0.101709 0.078676 -0.883795 1.217098
 -0.461032 -0.689928 0.794045 -1.384034 -0.235555 -1.956088
 -0.750302 -0.021914 -0.268103 0.710702 -0.119556 -0.651769
 0.740002 -0.193780 0.600113 -0.225877 -1.129297 0.099501
 0.391431 0.576215 -0.302940 0.429951 -0.802888 -1.727418
 -0.241493 0.499538 -0.246062 0.545361 -0.942199 -0.325269
