1024 1 MN
 -0.444446 -0.866901 -0.123827 -0.773421 -0.696948 0.049954 -0.378075 0.450617
 -0.088180 -0.778370 -0.729458 -1.591011 1.479702 -0.558537 0.000785 -1.039764
 0.131281 -0.556629 -0.414906 -0.573363 -0.667186 -1.074586 -0.907267 -1.243123
 -0.159448 -0.303038 -1.010335 1.103973 0.252440 2.413270 0.052648 1.767838
 -0.091395 -0.105106 0.015861 0.086830 -0.109641 0.456304 0.654067 -1.057499
 -0.531716 -0.948626 0.110358 0.168844 0.049624 -0.087394 0.086955 0.803416
 -0.274106 -0.696437 -0.560907 0.823484 0.023847 -0.363557 0.597409 -1.113585
 -0.854090 -0.536020 -0.966894 1.841708 -0.398594 0.100761 3.234301 -0.647650
 -0.901319 -0.990439 -0.587614 0.067280 -1.429209 -0.193278 1.654533 0.523332
 0.181147 -0.533465 -0.949667 0.387909 -0.781160 0.834700 -0.553294 1.091089
 -0.419015 -0.864713 -0.555524 -0.411207 -0.719788 0.012413 1.409329 0.594272
 0.063665 -0.388536 -0.535018 -0.012395 -0.116673 0.175441 0.154698 2.051270
 -0.602549 -0.232703 -0.045295 2.159935 0.054296 0.206908 -0.175783 -0.570688
 -0.338562 -0.448816 -0.437533 -0.399515 0.825597 2.484539 -0.481016 -1.007141
 -0.376563 -0.338252 -0.873164 -1.400803 -0.983866 -0.844002 0.330970 0.777380
 -0.952228 -0.755938 -1.062321 0.739755 -1.704476 0.005044 -0.635559 0.131963
 -1.037690 -0.383609 -0.060994 1.404932 0.541770 -1.515972 -0.273159 -0.323019
 -0.916161 0.042292 -0.522965 -0.563368 0.593846 -0.297137 -1.634700 -0.065348
 -0.319653 -0.682154 -0.646980 1.204944 0.908708 -1.008906 0.966525 0.737284
 -0.082222 -0.033528 -0.176551 2.301678 0.104262 -1.918741 0.345195 -0.267431
 -1.027127 -0.713138 0.016533 -0.778355 -0.341972 1.357078 0.064656 -0.221874
 -0.837838 0.159552 -0.498296 -1.990454 0.692701 0.454309 -0.907629 1.563562
 -0.322848 -0.571694 -0.096490 -1.358514 -0.934499 1.062349 1.326370 -0.374028
 -0.528260 -0.613332 -0.392689 -0.403194 -0.446179 0.719767 -0.989377 -1.628331
 -0.813884 -0.692348 -0.278118 -1.422293 -0.483072 0.209518 0.461272 -0.666376
 -1.019045 -1.055032 -0.103309 0.041128 0.635287 -1.082003 0.263886 -0.830419
 -0.738700 -0.807604 -1.033551 0.214975 1.043361 0.588736 0.442644 0.099272
 -0.740444 -0.529204 -0.648707 -0.343585 1.851662 -0.611982 0.308727 0.129992
 -0.411662 0.043464 -0.071867 -1.032425 -0.357849 0.613467 -0.640450 0.040652
 -0.198772 0.170849 -0.656323 -2.339269 0.199255 0.927740 2.465407 0.029782
 0.144019 -0.284362 -0.223649 -0.009100 -3.287642 0.099312 0.566938 -0.133204
 -1.013426 -0.276539 -0.600004 -0.983820 1.641764 -0.703528 -0.097648 0.013181
 -0.831283 -0.034905 -0.218461 -1.373011 -0.157427 0.326768 0.319372 0.133957
 -0.007776 -0.229891 0.136173 -0.634175 -0.571718 0.153510 -0.565397 0.334962
 -0.631728 -0.006897 -0.168504 -0.967456 0.706022 0.677657 -0.329590 -1.988530
 -0.595068 -0.420137 0.012661 -0.829810 -0.462491 0.592704 0.146432 0.237493
 -0.465224 -1.088583 -0.288189 -0.295062 -0.653511 -0.920851 1.343061 -0.248413
 0.151936 -0.351366 -1.005178 1.261433 -1.532545 2.189458 0.429749 0.539093
 -0.287625 -0.171990 -0.994650 0.925468 -0.007459 -1.582002 -2.257346 -0.188476
 -0.585414 -1.045041 -0.023331 1.881916 -0.580508 -0.537781 -0.310274 0.335932
 -0.831512 -0.275052 -0.814906 2.763085 -1.181530 2.004766 -0.377690 -0.973162
 -0.392649 -0.308076 -1.093118 -1.137909 1.387763 -0.013904 0.669805 -1.371972
 -0.371294 -0.960425 0.042880 -0.017602 -0.064799 0.348785 -0.002918 -0.712601
 -0.889420 -0.566428 -0.709976 -2.399672 0.907635 -0.005444 -0.410385 -1.203516
 -0.658998 -0.276838 0.152126 0.134973 -0.563112 -1.041773 -1.111633 1.258814
 -0.807172 -0.635423 -0.025190 -0.270363 -0.297594 1.811335 -0.167076 0.725602
 -0.116876 0.039821 0.047508 0.504691 0.357181 0.091192 -0.881800 2.088087
 -0.076764 -1.080139 -0.396409 -0.307982 0.278613 -0.799840 1.090441 -0.628467
 -0.824327 -0.606589 0.190190 0.098053 0.315018 0.057421 0.293651 1.287219
 0.037638 0.097921 -0.920698 0.683572 -0.434563 0.188058 -0.038442 1.035701
 -0.577834 -0.255179 -0.146331 0.743403 -0.201296 -1.229529 0.129905 -0.379764
 0.095365 -0.057735 -0.197981 -0.541537 0.960533 1.766641 -0.400013 0.456149
 -0.906282 -1.035599 -0.952636 -1.280149 -0.294286 0.969099 -2.356502 -1.371872
 0.076503 -0.616607 -0.532949 -1.109611 -1.129811 0.294891 -0.392190 0.856642
 0.181981 -0.654298 -0.455234 0.879191 -2.390008 -2.699165 -0.249548 -0.189097
 -0.535243 -1.094345 -0.064704 -1.191707 -0.425311 -0.520479 0.405518 -0.001930
 -0.145709 -0.964208 -0.721280 0.598621 0.642329 0.660460 -0.636204 -0.799074
 -0.944021 -0.302505 -0.371203 -0.841409 1.158595 -0.062889 0.240207 -0.872391
 -0.361164 -0.624371 -0.838897 -0.829678 -0.525974 0.089635 -0.254154 0.725900
 0.064299 -0.592560 -0.784742 0.839193 0.173420 -0.294694 -0.200094 -0.266779
 -0.018613 -0.917046 -0.424170 -1.172892 1.089292 0.937099 -0.697182 -0.101269
 0.062930 0.125922 -1.028012 -0.845999 -0.543100 -1.092308 0.851829 -0.159366
 -0.114435 -1.062754 0.086894 -0.685135 -1.578797 0.417252 1.020746 -1.039993
 -0.366502 -0.892628 -1.092684 0.401658 -0.684550 1.677462 -0.279938 0.120716
 -0.794922 -0.116066 -0.849756 0.072877 0.257285 0.232021 0.746681 0.095626
 0.151756 -0.154600 -0.129223 -1.289512 0.812457 -0.417283 -0.748664 0.908746
 -0.609423 -0.110564 -0.342847 -1.303516 0.061276 0.156173 -1.011383 0.032008
 -0.070254 -0.792161 -1.007805 -0.762198 2.066520 -0.763293 -0.120714 0.586623
 -0.515390 -0.836967 -0.781444 -0.852154 1.251979 -2.097433 -1.324472 -0.252180
 -0.949947 -0.236672 -0.086188 0.364240 -0.456324 -1.425795 2.288946 -0.283008
 0.036323 0.010745 0.046342 0.529179 -0.755187 -0.302481 0.296499 1.342992
 -0.337616 0.142381 -0.281315 0.644512 -0.831576 0.728775 0.744525 0.894364
 -0.921142 -0.351400 -0.463509 -0.616445 -0.217946 0.492329 2.151789 0.353576
 -0.578917 -0.506714 -0.362222 -0.183847 -0.879598 -0.958004 -1.927267 0.217341
 -0.990567 -0.627867 -0.280496 -0.495815 1.378896 0.078986 -1.148853 0.636797
 -0.292198 -0.954596 -1.052300 -0.292985 -0.682186 -1.694222 -0.573207 -0.852063
 -0.939147 -0.573001 -0.628631 -0.940045 0.869167 -0.731895 -0.076397 1.003429
 -0.172989 0.125579 -0.983687 0.076671 0.588571 -1.431805 -0.022800 -0.339096
 -0.706552 -0.033315 -0.647444 -1.550753 -0.287421 0.719211 0.092902 0.437508
 0.117567 0.000282 -0.714559 0.494929 0.812754 -2.422718 0.873288 0.003588
 -0.363669 -0.565690 -1.087705 1.789984 -0.881302 -0.504205 0.714436 0.030842
 -0.049421 0.001271 -0.490491 -0.880078 0.230657 -0.017011 -2.055023 -0.657678
 -0.453081 -0.937447 -0.968290 -2.088777 0.311529 0.265199 -1.285378 -1.543515
 0.116179 0.046289 -0.470314 1.333823 -1.755333 1.741794 -1.208317 -0.634106
 -0.140063 -0.216451 -1.098453 -0.443867 0.751641 0.424444 0.397385 -0.749647
 -0.294846 -0.012832 -0.729933 -2.514305 -1.429456 -0.662310 -0.722586 -1.838159
 -0.929823 -0.428132 -0.999567 -0.652216 0.053962 0.455829 0.440463 1.486905
 -0.573269 -0.707328 -0.044121 0.091185 -0.284086 -0.219959 0.322034 -1.052404
 -0.381867 -0.239136 -1.083839 -0.131796 -1.241141 0.872765 0.064991 0.407071
 -0.500207 -0.703221 -0.150258 -0.767228 0.552199 0.023039 -0.080362 -0.431870
 -1.070055 -0.674416 -0.658624 0.435462 1.586999 -0.421398 0.343864 -0.419183
 -0.082559 -0.266534 -0.679239 0.067979 1.481008 -0.273147 1.265795 -0.044507
 0.131628 -0.262507 -0.680950 1.375184 -1.606030 -1.354443 -0.757168 -1.462628
 -0.705291 -1.008541 0.076763 0.408607 0.526466 -0.234980 1.412276 1.108373
 -0.589466 -0.311355 -0.275826 -0.583720 0.158222 -0.059447 0.040207 1.265230
 -0.048610 -0.228702 -0.992455 0.412318 -1.172316 0.353480 -1.080631 -1.146426
 0.142821 -0.591461 -0.022898 -0.963894 0.483701 -1.212876 -0.739157 -0.748385
 -0.757194 -0.025973 -0.995861 1.344164 0.647618 -0.561551 0.613005 -0.839494
 -0.885241 -0.600243 -0.062887 0.031134 -0.110146 -1.886341 -0.124173 -1.369266
 -0.587079 -0.432432 -0.200588 -1.584194 -0.143652 -0.486982 0.390273 -0.847390
 -0.320422 -0.830682 0.051078 0.633376 -0.151385 0.440065 -1.931896 1.339047
 -0.044705 -0.203270 -0.541424 -1.376151 0.401225 1.729835 1.444855 1.154531
 -0.572406 -0.865499 0.179896 2.447657 -0.478465 -0.610231 -1.662073 2.048453
 -0.681168 0.176417 -0.399252 1.509110 -1.182233 -0.190591 -0.814018 -0.142078
 -0.534538 -0.457235 -1.035332 -0.203149 0.621085 0.179761 -0.489312 0.911275
 -0.177748 -0.900893 -0.603921 1.615956 0.906981 -0.995309 0.774360 1.788934
 -0.630312 0.065379 -0.070807 -0.595391 0.421688 0.979516 0.797248 0.690163
 0.057620 -1.048411 -0.088729 0.876209 -1.480739 -0.005113 -0.481313 -0.668755
 -1.088794 -0.404484 -0.921115 -0.858513 1.347409 0.578982 0.520518 0.904594
 -0.742503 -0.407918 0.117112 0.574397 0.606482 0.629585 -2.046749 -1.597199
 0.136437 -0.194650 0.010119 0.437363 1.264485 -0.030565 0.814354 -1.073157
 -0.556846 -0.748613 -0.355923 1.318561 -0.838746 0.655422 -1.295454 0.953569
 -0.578727 -0.463450 -0.845395 0.074279 0.704565 0.869145 0.374337 -0.572720
 -0.731633 -0.835819 -0.126477 0.007312 -0.027325 0.668724 0.242138 0.071477
 -0.321700 -0.525452 -0.830827 0.571764 -2.314567 0.784562 -0.466786 -0.477818
 -0.676345 -0.836385 -0.089497 0.134342 -1.406161 1.319191 -0.544718 -1.572527
 -0.697976 -0.556309 -0.120816 -0.464792 -0.150113 -0.599359 0.898795 -1.135051
 -0.381601 -0.374923 0.047443 -1.258658 0.198742 -0.103978 0.600906 0.032796
 -1.097635 -0.251868 -0.376567 -0.640173 -0.575000 0.188430 -1.749873 -0.617102
 -1.016909 -0.180630 -0.173968 -0.941812 0.138187 -1.241177 0.091743 0.287553
 -0.121540 -0.435800 -0.019342 0.592650 -1.087537 0.005622 0.040020 -0.244084
 -0.392402 -0.289851 -0.785186 1.187931 0.968427 1.070935 -0.027318 0.285105
 -0.872261 -0.250416 -0.591395 -0.008547 -0.206883 0.286291 0.396124 1.702521
 -0.348251 -0.536965 -0.256721 -0.017804 0.874184 0.002914 -0.375566 -0.158922
 -0.939014 -0.038356 0.009344 -0.301948 -0.410612 0.537564 0.560111 -1.237231
 -0.595900 -0.290081 -0.237693 -0.530492 0.420950 -0.266190 -0.517517 0.974797
 -0.367595 0.032630 -0.329163 -1.160502 0.445837 -1.125938 0.451917 2.537761
 0.059759 -0.418529 -0.958489 0.942970 -0.174152 0.388699 -2.157898 -0.616498
 -0.034695 -0.195383 -0.966384 -0.403010 -1.028860 0.045055 -1.478731 0.300194
 0.111478 -0.176277 -0.403876 -0.225719 -0.229462 -0.585646 0.232805 -0.830459
 -0.522350 -0.296270 -0.753958 -0.917928 -1.430964 -2.001234 0.095187 0.823838
 -0.322691 -0.644898 -0.762900 0.410457 -1.768543 0.356611 -0.423920 -0.480068
 0.025696 0.146042 -0.813449 -0.450469 0.985196 -1.436575 -1.086222 0.079505
 -0.877047 -0.901161 -0.781336 -1.886713 0.454891 1.431321 0.856811 1.715120
 -0.693517 -0.036262 -0.689452 1.353261 -0.521574 1.531658 -1.758014 -0.211207
 -0.506007 -0.296768 -0.544196 -0.622355 3.007882 1.513731 -1.201152 -0.005729
 -0.384289 -0.955671 -0.795576 0.871237 1.928358 0.680081 1.259254 1.041762
 0.039330 -0.551535 -0.963764 0.576917 0.301610 1.286365 -0.121688 0.186909
 0.008305 -1.012579 -0.153368 -0.007972 1.497578 -0.704986 1.599642 0.826090
 -0.989680 0.089827 -0.616455 0.960805 -1.332918 -1.403992 -1.421162 -1.182279
 -0.247613 -0.798657 -0.809003 -0.069687 0.978574 1.157427 -0.003892 0.805729
 0.114475 -0.236088 -0.537249 0.088333 -2.138619 -0.034632 -0.331233 -0.141007
 0.135745 -0.299038 -0.031123 -1.459125 -0.274458 -0.494551 -0.450200 -0.835695
 -0.703691 0.026325 -0.735862 -0.919230 -0.804347 -0.090170 0.760887 -0.876704
 -0.970960 0.154410 -0.153027 -0.490727 -0.141629 -1.354131 -1.192099 -0.619528
 -1.080569 -1.057613 -0.888360 -0.993705 -0.176047 -0.543838 1.282923 0.089751
 -0.824623 -0.836411 -1.036958 -0.503458 0.453375 -0.536638 -1.120016 0.781184
 -0.863540 -1.089906 -0.575758 -2.085334 -1.571043 0.649658 0.286045 0.803380
 -0.304799 -0.635312 -0.381612 -0.030267 0.514564 1.951144 -0.445230 0.407878
 -0.075975 -0.849890 -0.311086 -0.838065 0.201867 -0.177393 -0.764281 -0.912675
 -0.604057 -0.787468 -0.608111 -0.885435 2.068580 -0.577390 -1.554305 0.962809
 -0.797299 -0.427006 -0.010340 -0.199223 1.867049 1.038433 0.780473 -0.582638
 -0.454925 0.033934 0.168401 1.093947 0.003079 0.139887 0.098024 0.549185
 0.084377 -0.948784 -0.771890 -0.226993 -0.489856 1.275004 1.517796 -0.461308
 -0.643397 -0.562986 -0.248600 0.859454 -0.611028 -0.931513 1.583239 0.927414
 0.009891 -0.618001 -0.113509 1.146236 0.623169 1.696092 1.057024 1.345617
 0.015138 -0.597736 -0.984416 1.731318 -1.403263 0.043680 0.111181 -0.857535
 -0.445773 -0.820056 -0.275308 1.604518 -1.465051 -0.518284 -1.089509 0.623137
 -0.399704 -0.349080 -0.098689 -0.577799 0.352439 -0.433202 0.414605 -0.112485
 -0.459727 -0.434364 -0.913438 0.636734 -0.489705 1.214969 0.026669 -1.043882
 -0.203716 -0.338363 -0.942876 0.409953 0.593009 0.597354 0.539774 0.857442
 -0.879220 -0.431433 -0.006999 0.957355 0.492627 0.113193 -2.116049 1.126042
 -0.692021 -0.736319 0.075472 0.391286 1.130014 0.314513 0.395444 0.001380
 -0.934117 -0.374674 -0.066821 0.044438 -0.304164 0.224698 0.907593 0.273274
 -0.612656 -0.485174 -0.045691 1.099001 0.294329 -1.241984 -0.547484 -1.110567
 -0.634828 -0.821447 -0.861963 1.021270 0.380996 -0.776355 -0.128966 0.086661
 -0.461865 -0.981481 -0.396191 0.723819 -1.870835 -0.059923 -0.172134 0.711351
 -0.352033 -0.917990 0.098986 -0.452820 0.692047 -0.626847 1.281416 -1.372724
 -1.019491 -0.829944 -0.724526 -1.019193 -0.489575 -0.542901 -1.979191 -0.873996
 -0.727734 -0.461399 -0.094510 2.401984 -1.845003 -1.738754 -1.137665 -0.712034
 -0.353419 -0.989665 -0.467045 0.119129 -0.571000 -0.384215 -2.656817 -0.270263
 -0.900415 -0.620175 0.069428 -0.013909 -0.895447 -0.665713 -0.547442 -0.287289
 -0.596688 -0.301728 -0.792655 0.805478 -0.303667 1.686702 -1.437578 -0.818271
 0.115201 -0.391068 -0.240301 1.695243 -1.762643 0.257629 0.439103 -0.460084
 -0.514828 -0.421332 -1.089534 -0.120159 -0.080192 -0.489072 -0.516402 -0.379789
 -0.657083 -0.251214 -0.572144 1.038215 -0.421530 -0.279211 -0.385723 1.200481
 0.000666 -0.730864 -0.822005 -1.200847 0.984679 -0.105837 0.324755 -0.251946
 -0.634472 -0.991154 -0.177068 0.150583 0.631362 0.546166 -0.334823 -0.666061
 -0.368014 -0.328324 -0.293395 -0.920715 1.188344 0.705476 0.908277 -0.003406
 -1.081415 -0.385995 -0.583258 0.972529 -1.260996 1.336893 -1.144310 0.810028
 -0.191425 -0.810133 -0.525506 -0.253269 0.299437 0.296581 -0.131224 0.039378
 -0.155735 -0.015503 -0.521364 0.966912 1.622615 0.352685 0.641702 -1.634555
 0.083810 0.120203 -1.009259 1.993896 -0.311933 0.432818 -0.772850 -0.458162
 -0.840957 -0.780253 -0.218812 -1.458157 -0.721037 -0.099784 -0.527203 -1.392859
 -0.765961 -0.836590 -0.530919 -1.585932 -1.019324 -0.346470 -0.072549 0.640898
 -1.044302 -1.008970 -0.002968 0.135304 0.408862 0.361620 -0.532481 0.047801
 0.199179 -0.467017 -0.396797 0.478046 0.065402 0.113287 -2.268236 1.463043
 -0.832860 -0.735661 -0.293189 0.642035 1.024106 -0.446054 -1.449696 0.762307
 -0.761319 0.187580 0.141324 -0.034521 0.219590 0.651076 -0.834815 1.214344
 0.132881 -0.078384 -0.794766 0.108276 0.852147 -0.922008 -1.033622 1.832459
 -0.873066 -0.193435 0.171755 -0.788174 0.023805 0.123307 -0.700422 -1.521101
 0.180179 -0.628599 -0.857288 0.862717 0.676894 -1.784929 -0.470139 0.022349
 0.131986 -0.748147 0.046650 0.672621 -0.340066 -0.467506 -0.130325 0.877497
 -0.523938 -0.685603 -0.973358 0.838911 -1.452359 0.081867 -0.608153 -0.853637
 -0.937566 -0.335390 -0.008976 0.619698 -1.460539 1.387210 0.324051 2.349629
 -0.756035 -0.358952 0.131123 -0.831492 -0.636132 -1.884336 -0.431866 -1.027071
 -0.890888 -0.208531 -0.739550 2.146513 1.761710 0.682852 -1.314608 0.816995
 -0.609754 -0.757540 -0.644809 1.042705 0.163439 -1.412567 1.113039 0.062612
 -0.871864 -0.176633 -0.431597 -0.883248 -0.547710 -0.651708 -0.509900 1.078940
 -0.172078 -1.038601 -0.388628 -0.322598 -0.064568 -1.354878 0.936821 -0.451901
 -0.523622 -0.470248 -0.806234 0.491646 1.844416 0.206936 -0.318006 1.614453
 -0.960998 -0.333030 -0.644677 -1.469618 -0.220713 1.659630 0.455648 -0.966948
 -0.020128 -0.146842 -0.316783 1.434277 1.370652 -1.543368 0.450624 -0.279570
 -0.385903 -0.671244 -0.235399 1.163188 0.012442 -1.019421 0.053969 0.215715
 -0.251257 -0.910148 0.056649 0.280877 0.867624 -0.072324 -0.775282 1.471914
 -0.944623 -0.668472 -0.487433 -0.564707 0.197956 -0.000576 0.934454 -0.133748
 -1.039957 -1.062051 0.188875 0.312985 1.084642 -0.239559 0.088658 -0.131303
 -1.058161 -0.439008 0.039447 -0.638458 0.104175 -1.466688 0.840621 0.976902
 -0.032943 -0.045658 -0.428406 0.408979 -0.369515 0.352684 -0.501671 0.035627
 0.116863 -0.110774 -1.017138 1.224716 0.649273 1.881466 0.777637 -0.406967
 -0.671238 0.158340 0.099271 0.571763 1.567865 -1.017072 -0.058634 -0.451563
 -0.517569 -1.080373 -0.398222 2.109000 0.938555 -0.316447 0.813761 -0.850621
 -0.000524 -0.143562 -0.055206 -0.768983 -0.386509 -0.937766 0.126488 -0.452011
 -0.407706 0.171911 0.102990 -0.287219 0.786975 0.817642 0.432395 0.853136
 -0.770957 -0.709151 -0.645733 2.094153 0.486584 0.747836 -1.692872 -0.509507
 -0.898266 -1.049663 -0.387488 1.673774 3.020515 0.507732 0.761034 -1.370185
 -0.974239 -0.369416 0.144245 -0.009487 0.332288 -0.680922 -0.188397 -0.278364
 -0.402252 -0.959279 -0.946431 -0.375263 -2.720402 2.008191 0.991149 -0.838227
 -0.727608 0.151642 -0.592530 0.500351 -0.576135 -0.893818 -1.357957 0.225208
 0.068925 -0.092005 0.190024 -0.374820 0.742850 -0.130670 -0.649338 -1.113708
 -0.767277 -0.744056 -0.706940 -1.977135 0.763034 -0.600246 -0.992016 -0.225354
 -0.056913 -0.511245 -0.560198 0.132524 -0.392031 -0.302316 -1.249010 0.359308
 0.103581 -0.689786 -0.823336 -1.645136 0.695484 0.240249 -1.309133 0.124293
 -0.952756 -0.940193 -0.860391 -0.262783 -0.688445 0.500654 0.026684 0.526712
 -0.206366 -0.047001 -0.121260 -2.580419 0.038096 -0.286326 -0.293702 0.712367
 -0.156739 -0.629569 -0.125374 -2.833601 0.333283 0.549386 0.380200 0.004785
 -0.128791 -0.576244 -0.809045 0.836402 -0.204723 -0.167956 0.082255 -0.750537
 -1.089824 -0.307214 -0.758993 0.947071 0.111027 0.170914 0.736911 -1.753334
 -1.079104 -0.253890 -0.398393 -1.151551 -3.020928 -0.737053 0.350630 -2.192473
 0.115120 -0.832932 0.095634 0.715840 -2.332051 0.816881 -1.495335 -0.710414
 -0.221641 -0.163086 -0.250359 1.068169 0.519942 -2.276216 1.026696 -0.703121
 -1.005534 -0.105055 -0.336526 -1.042159 0.014716 1.292299 0.769241 0.958383
 -0.185786 -0.825452 -0.787997 0.522447 0.979418 -2.073176 0.427363 -0.535856
 -0.781458 -0.444417 0.138461 -0.741048 -1.044743 0.021384 0.207217 -0.431162
 -0.467826 -0.984961 -0.335013 1.864024 0.341621 -0.992233 -0.697378 0.179432
 0.181561 0.034825 -0.367770 -1.748218 -1.308555 1.354215 -1.253342 1.208265
 -0.238094 -0.661439 -0.720689 0.785518 1.794152 1.639741 0.852803 1.928113
 -0.683891 -0.593146 -0.380011 0.105440 2.483053 0.675351 1.371086 0.474860
 -0.431822 -0.530012 -0.933759 -0.302005 -0.191133 0.052811 0.147888 -0.695125
 -1.060193 -0.311752 -0.912100 -0.856086 -0.161093 -1.086486 -0.356557 0.312920
 -0.239656 -0.160237 -0.305907 0.822752 0.762259 -0.100396 0.467757 -0.216275
 -0.391404 -0.529143 -0.324902 -1.790394 -0.617222 0.498365 1.539707 1.196122
 -0.491356 -0.972730 -0.501612 -0.463623 0.803734 0.308469 -1.298592 0.373183
 -1.092180 -0.491747 -0.253529 0.559694 -1.226091 0.109632 0.282612 0.441082
 -1.071857 -0.226761 -0.006843 2.408546 0.644132 0.579205 -0.538011 -0.131987
 -0.849458 -0.558559 -0.281797 -2.181972 -0.749557 -1.424924 -0.409677 0.836037
 -0.811970 -0.488761 -0.224385 0.088238 -1.348358 0.107869 -0.734405 -0.117694
 -0.234867 -1.084774 -0.196575 0.023506 -0.284454 -0.270305 0.619028 0.503500
 -0.157946 -0.592412 -0.580199 0.917023 -0.187310 0.346262 -0.593820 -1.380938
 -0.578478 -0.750699 0.078676 1.264766 -1.113418 0.494249 -0.183872 -1.542273
 0.144709 0.062012 -0.051906 -0.312716 -2.759293 -0.014954 -0.812474 1.141278
 -0.226751 -0.345245 -0.696447 0.147452 -0.417619 0.402732 -1.059477 -0.444676
 -0.740955 -1.052835 -0.779740 1.430866 1.934331 -1.154245 -0.374663 0.597598
 -0.859704 -0.770176 0.023250 0.339245 -0.791399 -0.141417 1.302696 -0.985623
 0.092267 -0.148823 -0.743364 -0.350905 0.446243 1.251951 0.111464 -1.042048
 0.052584 0.004905 0.160146 1.060714 -0.325467 0.809486 2.407346 -0.768306
 0.032356 0.064883 0.056991 -2.017880 -0.252763 -0.198658 0.132902 -1.056016
 -0.486564 -0.005179 -0.976197 -1.145067 -0.352599 -0.282768 -1.420284 0.298765
 0.038344 -0.009601 -0.703281 -1.285103 -1.422247 -0.374454 -0.158315 -1.378910
 -0.645193 -0.433564 -0.664100 0.860738 0.417608 1.970964 0.795338 0.031157
 -0.842312 -1.081007 0.039222 -0.048203 0.057379 -0.481566 -0.778770 0.006762
 -0.026272 -0.542109 -0.495585 -1.843710 0.942318 -0.759990 0.475012 -0.705828
 -0.318727 0.167786 -1.052346 0.281677 -0.092835 1.059421 0.627103 0.408824
 -0.292453 -0.190001 -1.037016 -0.185602 -0.493566 0.727996 0.145692 -0.649448
 -0.378177 -0.505213 -0.951848 -1.184825 -1.323887 -0.612173 1.114826 -0.993270
 -0.857842 -0.812948 -0.683620 0.355918 -1.361265 1.114937 -1.545794 0.638854
 -0.903472 -0.911900 -0.760683 0.066404 -2.467202 2.534900 -0.536089 2.207327
 -0.186812 -0.534430 -0.740996 -0.436297 -0.268890 0.403062 -0.160581 1.936690
 0.092496 0.004484 -0.828845 -1.265756 0.357755 0.115700 -0.612566 -0.139385
 0.003767 -0.694886 -0.709815 0.487716 0.353916 -0.549288 1.432771 -0.014092
 -0.959274 -0.691521 -0.493209 1.828829 0.133076 0.557941 0.681102 0.197237
 -0.172940 -1.056968 -0.785255 0.584753 0.226777 -0.799592 1.748344 1.648411
 -0.862302 -0.393635 -0.482385 -0.978957 -2.057057 2.090265 2.045463 -0.732839
 -0.042837 -0.591116 0.191237 -0.956086 2.484521 1.722936 0.162226 1.120766
 -0.840104 -0.090505 0.015416 0.513551 0.286751 1.068611 -1.603871 -1.550339
 -0.730047 -0.851691 -0.231427 0.440259 -0.091886 0.013053 0.599084 0.093890
 0.085178 -0.393198 -1.006620 -0.878744 -0.425513 -0.120406 0.470694 1.319335
 -0.845260 0.056729 -0.353298 -0.089160 0.520617 0.851218 0.343967 3.206820
 0.083119 0.174924 -0.295142 -2.143432 0.128195 1.023766 -1.574411 1.529431
 -0.195829 0.030070 -0.720915 -0.927274 -0.022676 0.817165 1.621361 -2.788933
 -0.699103 -0.377587 -0.925338 0.318349 -1.800241 -0.697460 -0.234314 -0.759736
 -0.461356 0.028393 -0.724010 0.281149 -0.959297 -0.984655 -0.116204 2.169658
 0.187515 -0.053135 -1.034992 -0.095661 0.389363 1.006317 -2.103212 0.539564
 0.157948 -0.431728 -0.477213 -0.293418 0.366630 1.387777 -0.937611 0.080449
 -0.490562 -0.618341 -0.208860 -1.990279 1.228880 2.051454 0.360083 0.101083
 -0.058235 0.128554 -0.958669 -0.185717 -0.613164 0.678379 -0.930407 -0.009649
 -0.589084 -0.549366 -0.462974 -1.289451 -1.846574 -2.027096 1.577805 -0.228508
 -0.415543 -0.587169 -0.220913 0.416443 1.072320 1.750115 -0.196768 0.307583
 -0.252362 -0.391078 -0.080687 1.599712 -1.653163 -1.784853 -1.596983 0.495501
 -0.335242 -0.379936 -0.613773 -0.782410 0.358495 -1.196276 1.731541 -0.728908
 -0.529279 -0.923846 -0.810508 0.340144 0.884351 -0.047522 0.651756 -0.203131
 -0.818463 -0.251767 -1.091704 -0.522833 -1.329660 -0.021029 -1.108046 0.019532
 -1.045412 -0.213397 -0.114335 0.007247 -0.507098 0.968332 2.736335 1.728682
 -0.534687 -0.508169 -0.845911 0.594555 -0.611094 -1.061083 0.853235 -0.174816
 0.152786 -0.419767 -0.007151 -1.503690 -0.937548 -1.023447 0.188730 0.790794
 -0.284841 -0.478273 -0.694850 -0.054445 0.891030 -0.207798 -0.108990 1.087847
 -0.441331 -0.313289 -0.928324 -0.612424 1.567268 0.400049 -1.249239 -2.393659
 0.169570 -0.043484 -0.370932 -1.380526 -0.159387 -0.367141 0.019738 0.153387
 -0.013667 -1.083726 0.071213 -0.686126 1.268575 0.589852 -0.565715 0.323903
 0.042194 0.041937 -0.471340 0.215582 1.360404 -0.115722 -0.140683 2.467885
 -0.194055 -0.036359 -0.606063 -0.600684 -0.997971 2.006000 0.709972 0.021663
 -0.723053 -0.452038 -0.993145 0.183233 0.546312 -1.510887 -0.079149 -0.182283
 -0.108449 -0.062264 -0.696294 0.505236 -0.368017 1.562727 0.432727 -0.686212
 -0.796327 -0.571062 -0.083446 0.074801 -1.431474 -0.467310 0.404895 -1.258658
 -0.761320 -0.850969 -0.363572 -1.259765 0.555606 -0.908325 -0.753499 -0.950007
 -0.880395 0.073241 -0.056650 1.827150 -0.467235 -0.177018 -0.242382 -1.220402
 -0.285286 -0.900254 -0.632471 -0.856225 -0.331149 1.598048 -0.202722 2.120603
 -1.022989 0.181533 -1.070768 -1.565149 0.749532 -2.126630 0.423214 -0.252601
 -0.191873 -0.802088 -1.023092 -1.565329 -0.919157 -0.391374 0.334215 -0.318057
 -1.096610 -0.304656 -0.665715 -0.314103 -0.101097 -0.206429 0.921604 -1.205858
 -0.277418 -0.442276 -0.042299 1.383678 1.119009 0.440312 -1.696227 -0.364446
 -0.807097 -0.262242 -0.704471 0.499993 -0.625410 0.640417 1.465916 0.027526
 -0.918455 -0.079997 -0.771000 -0.078387 1.368484 0.476757 -0.180824 -0.643019
 -0.041543 -0.784848 -0.363280 -0.463518 -0.381353 -0.666761 -0.608651 0.685908
 0.173908 -0.748656 0.019843 0.511205 -0.032812 1.417400 0.729383 -0.930899
 -0.501616 -0.868736 0.185986 0.374259 1.418894 -0.033943 0.196227 1.299808
 -0.929078 -0.183909 -0.503427 0.166362 -0.414325 -0.586663 1.821631 0.241981
 -0.061863 0.063621 -0.075418 -0.394781 -1.004799 2.342999 1.567441 1.024620
 -0.160703 -0.783417 -0.460249 -0.810900 -1.484423 0.506394 -1.548907 1.087745
 0.147130 0.164063 -1.035457 -0.441360 0.699781 0.506084 0.514184 0.711806
 -0.948945 -0.287778 -0.544122 0.137696 -1.537670 -1.019917 0.081206 -1.883253
 -0.616382 -0.056750 -0.902680 -0.318578 -0.278168 -0.300091 -1.017910 -0.089733
 -0.370174 -0.004524 0.107328 1.139203 -1.947836 -1.600675 -0.371623 1.325884
 -0.664398 0.126936 0.002938 -0.070529 0.149974 -0.279057 -1.497097 0.320516
 -0.968210 -0.947899 -1.016522 0.201251 1.002401 0.515622 -0.492215 1.126865
 -0.791333 0.157749 -0.463398 -1.684515 -1.829317 0.062350 -0.131118 0.272002
 -0.939099 0.077157 -0.730544 -0.415314 -0.850275 -0.752017 1.347410 -0.615274
 -1.029744 -0.646388 -0.114411 -1.578433 -0.103149 0.656481 1.358582 -1.018179
 -0.400032 -0.836133 -0.986751 -0.206258 1.183335 0.702896 -0.042903 -0.875767
 -0.835090 -0.710030 0.036816 -0.779158 1.024413 0.358300 -0.561784 0.071988
 -0.649207 -0.151674 -0.468634 -0.027465 0.343954 2.334344 -0.970848 -0.357076
 -1.031029 -0.207312 0.018489 0.382510 -0.344375 0.979972 0.072001 -1.163867
 0.003137 -0.140193 -0.066900 -0.957154 1.243511 0.526377 -0.110660 0.966894
 -0.718647 -0.190880 -0.763794 -0.367573 -0.133951 -0.536417 -0.014087 0.497260
 -0.099424 -0.409384 -0.571621 0.821370 2.555593 0.180764 2.462620 -0.058805
 -0.545857 -0.952333 -0.015518 -1.370841 1.024905 -1.776257 -0.612969 0.183409
 0.099501 -0.145056 -0.338634 -0.367696 -0.642294 -1.020197 0.508868 -0.309796
 -0.878664 -0.107150 -0.960377 -1.824879 -0.583616 -2.520436 1.506114 0.836976
 0.041568 -0.133903 -0.137946 -0.027188 0.649789 -0.878169 -0.731831 1.832196
 -0.529050 -0.681962 -0.639335 0.768568 0.870968 0.039082 1.840767 1.239075
 -0.229282 -1.065354 -0.875340 1.219767 0.023275 0.116268 0.715017 0.344844
 -0.673866 -0.350833 -0.735134 1.637346 1.027253 1.582347 1.315557 0.546479
 -0.056082 -0.362564 0.161946 -0.877530 0.120155 -1.146836 0.761872 -0.101086
 -0.415279 -0.206457 -0.360883 0.624529 -0.031781 1.205468 1.574839 -0.378457
 -0.369299 0.117627 -0.258993 -0.178716 -0.115536 -1.176267 0.859131 -0.188145
 -0.740079 -0.883383 -0.098318 1.008810 -2.130566 1.082194 -0.567746 1.548174
 -0.481589 -0.394831 0.093599 0.646487 1.229022 -1.354306 0.740144 -0.354882
 -0.534246 -0.396885 -0.766155 -0.452430 0.377839 0.325340 -0.477126 -0.262570
 -0.538596 -0.536249 -0.430290 -1.370205 0.069602 0.596077 0.672076 -1.218934
 -0.682594 0.150254 -0.843322 -1.026266 -0.490288 -0.663214 0.324835 1.770960
 -0.908287 0.190832 -1.097089 -0.259714 1.334782 -1.292307 -1.659535 -0.714030
 -0.309657 -1.037441 0.003217 -0.259043 -0.742453 0.828390 2.265121 0.399960
 0.085922 0.170769 -0.886953 -0.638134 -0.291613 1.872870 -0.942471 2.905517
 -0.391002 -0.055540 -0.121038 2.919081 2.444086 3.410547 0.324764 -0.050523
 -0.774797 -0.540887 0.127122 -1.790244 1.109569 1.440911 -0.371768 -1.330629
 -0.806826 -0.309403 -0.806582 -0.647628 -0.807554 -0.187463 1.676396 -0.806943
 -0.006524 -0.919090 -0.335926 0.269232 0.890550 -1.996054 -0.095127 -0.618112
 -0.039997 0.188832 -0.358308 -0.101785 1.015522 0.218984 0.536276 0.780411
 -0.836258 -0.152941 -0.890028 0.783413 0.702547 -1.005394 0.332663 0.150473
 -0.350013 -0.750086 -0.808792 -0.294811 1.243682 0.576004 -0.761730 -0.751639
 0.004527 -0.091322 -0.487059 -0.453330 -0.357532 1.169300 -1.272130 0.212385
 -0.509652 -0.115410 0.129281 -0.974916 -0.743342 0.033903 -1.470119 1.096648
 -0.041959 0.078920 -0.590441 -1.032397 -1.862261 0.173105 -0.582728 -2.196525
 -0.249122 -0.290544 -0.143430 3.021403 1.227937 -0.127825 -0.029080 0.089778
 0.175869 -0.785211 -0.736399 0.325427 -1.456239 -0.198690 -0.064249 -0.206079
 -0.773611 -0.897858 0.171524 0.691310 0.709318 -0.204143 0.051420 -0.267347
 -0.225584 -0.041062 -0.852521 2.699606 -0.825456 0.352364 0.379883 -0.642647
 -0.046032 -0.526678 -0.634096 -0.764460 0.019296 -0.929893 -0.002197 -2.091070
 -0.203791 -0.101853 0.111657 -0.780499 -0.612136 -0.937367 0.567684 -1.848263
 0.179711 0.114723 0.009815 -1.334044 -1.789046 1.059223 1.726203 -2.087997
 -0.662004 -0.535155 -0.754406 -1.426660 -0.697522 -1.162558 -0.074629 -1.554601
 0.068262 -0.055927 -0.339764 -0.583877 1.619342 0.452370 -0.644666 0.960912
 -0.862838 -0.354293 0.158147 -1.110976 -0.796696 1.224872 -1.144035 -1.249975
 -0.345807 -0.611416 -0.916620 2.071220 1.056615 -1.355844 1.035626 0.055263
 -1.046035 -1.096132 -0.529675 0.877723 -0.217964 -0.181209 0.293887 1.047469
 -0.332951 0.166303 -0.109104 -0.144337 -0.081382 1.929489 -0.349944 0.022901
 -0.653582 -0.960110 -0.193245 -0.601037 0.269191 0.244912 0.074478 0.485743
 -1.097617 -0.577416 -0.444209 0.469175 0.433700 0.105606 -0.743729 0.058723
 -0.310929 -0.484701 -0.289447 -0.034270 -0.545686 -0.592195 -1.366254 -0.460747
 -0.327559 -0.593296 -0.045599 0.386967 -0.277374 -1.082858 -0.883032 -0.845752
 -0.799825 -0.371431 -0.564188 -0.527289 -1.115426 0.808736 -0.888136 0.024345
 -0.327891 -0.019844 -0.952583 1.204535 0.001551 0.912602 0.802047 0.308275
 -0.323224 0.139346 -0.868346 1.070242 0.805777 1.349185 -0.587072 1.391156
 -0.682135 -0.714525 -0.688256 -0.650050 -0.529862 3.410387 0.541101 -0.144442
 -0.750373 -0.401167 -0.125273 -0.808991 -1.891620 0.207691 -1.304387 -1.588059
 0.123393 -0.311472 -0.551769 -0.921262 -0.209467 0.438329 -1.559406 0.203727
 -0.036596 -0.443480 -0.602474 -0.112594 1.161003 -0.976479 -1.723072 -0.531537
 -1.023109 -0.883216 -0.560314 0.887388 -1.190423 0.887975 -1.487110 -0.113045
 -0.447488 -0.882548 -0.944608 -0.526581 -0.915468 2.334481 1.152727 -1.436658
 -0.966978 -0.368418 0.062652 0.109066 -1.430526 1.912035 -1.457227 -0.049835
 0.082437 -0.890103 -0.117641 1.370471 -0.704125 0.003003 0.581630 2.343932
 -0.729183 -1.046164 -0.522756 -1.242997 0.227866 0.211825 0.237629 0.404030
 -0.717533 -1.066818 -0.984004 -0.462947 1.388532 -0.562382 0.194348 -0.261479
 -0.177374 -0.317339 -0.171482 0.638785 -0.459606 1.561359 -0.436965 1.642060
 -0.202044 -0.040858 -0.406590 0.441579 -0.509571 -0.863507 -0.125439 1.086325
 -0.575684 -0.444153 -0.816626 0.722523 0.239937 -1.125303 -0.643801 1.420082
 0.143960 -0.876827 -0.852812 1.297303 0.690458 1.541696 -0.509039 0.475750
 -0.875399 -0.166029 0.034713 1.055941 0.470896 0.940656 0.184728 -0.775394
 -0.051011 0.042078 -0.884074 0.269450 0.914693 0.191876 -1.224592 -1.513509
 -0.546660 -0.593671 0.186252 1.591061 -0.098623 -0.165848 0.769659 -0.702895
 -0.170300 -0.730276 -0.372257 1.170886 0.541422 0.888302 1.211034 0.823008
 -0.086458 -0.004935 -0.070532 0.607900 -0.144366 0.766789 -0.630348 1.848030
 -0.249967 -0.345965 -1.049384 -0.273058 0.346277 1.729946 0.326543 0.069916
 -0.264326 -0.412388 -0.493914 -0.427575 -0.230423 -0.053286 0.153251 0.179295
 -0.343978 -0.943766 0.120093 0.028831 0.214684 2.347623 0.693162 0.621642
 -0.918422 -0.299558 -0.482343 1.287890 -2.009522 0.727366 -1.238157 0.518774
 -0.257449 -0.982923 -1.027227 -0.682591 -0.602779 -0.233258 -1.214906 0.174757
 -0.843869 -0.630780 0.108338 -0.403104 -0.292711 -0.355988 1.194939 -0.957743
 -0.940476 -0.602673 -1.085305 0.593116 -0.992944 1.469036 0.968104 -0.593727
 -0.277077 -0.164378 -0.343320 0.488327 1.076860 -0.860275 -0.103727 -1.616356
 -0.004833 -0.483828 0.186346 0.035846 -1.322607 1.929615 0.687461 -0.694344
 0.083899 -1.087467 -0.330562 1.153661 -1.552130 -0.703517 0.099675 0.739965
 -0.341349 -0.955357 0.193229 -0.079472 0.219252 0.356043 -0.597805 -0.822299
 -0.271213 0.144381 -0.471626 -0.235264 0.238574 0.228686 -0.908279 0.593969
 0.156335 -0.768969 -0.894878 -1.331826 0.593177 0.511319 0.122923 -0.234208
 -0.616267 -0.271841 0.055928 -0.195171 0.990148 -0.906145 -0.071867 1.922293
 -0.337096 -0.496462 -0.295915 0.718132 1.345033 -0.355452 -0.371032 -1.319231
 -0.659154 -0.967224 -0.171536 0.974406 -0.388557 -0.891776 0.180872 0.093251
 -0.514877 0.162670 -0.869522 -0.807945 -0.498699 0.064684 1.170477 0.022181
 -0.751119 -0.558310 0.101529 1.207391 -0.307604 -0.528158 1.192367 -0.727823
 -0.717968 -0.745295 -0.438346 -1.041297 -0.841079 0.455441 1.843304 -0.632142
 -0.077122 -0.998635 -0.512508 1.183056 -1.479558 0.383530 1.350842 0.337265
 -0.430506 -0.581633 -0.690469 0.448385 -1.385152 1.653060 0.898112 0.776497
 -0.472467 0.149521 0.098876 0.262464 -0.646431 -0.029372 -0.216220 -0.182834
 -0.166583 -0.680516 -1.081498 -0.441812 -1.408850 -0.127335 -0.855869 -0.034872
 -0.955629 -0.449055 -0.504286 0.566202 -0.535328 0.943710 -0.478131 -1.861536
 -0.128081 -0.615873 0.123385 -1.131209 -2.138518 0.493125 -0.005872 1.870119
 -0.040596 0.106475 -0.719947 0.324366 -0.209242 0.651373 1.396296 0.249769
 -0.220781 -0.690794 -0.930258 0.156804 1.840148 0.607253 -1.006404 -0.559815
 -0.962337 -0.487767 -0.442906 0.669176 -0.362481 -1.223234 -0.468623 -1.090571
 -0.777412 -0.074809 0.054673 0.933525 1.993445 -1.664665 1.265557 -0.038565
 0.140892 -0.747378 -0.905868 -0.544510 0.094574 0.494504 0.938548 0.585517
 0.193824 -0.612685 0.063932 -0.466611 -0.841566 0.529405 -0.678163 1.224441
 0.108046 -0.210951 -0.401784 0.937066 0.754335 -1.740566 0.663964 1.000527
 0.102151 -0.671792 -0.838907 1.204526 0.076821 0.039627 0.280540 0.309912
 -0.191354 -0.518155 0.119813 -0.690789 -0.629865 -1.027665 0.533861 0.679350
 -0.161223 -0.220607 0.116913 -1.486794 2.215897 -0.738523 -0.626579 -1.377021
 -0.547115 -0.691022 -0.119170 0.512104 -1.331532 -0.030480 -0.307588 1.673616
 -0.737470 -0.826405 0.100384 -0.382098 0.266143 0.884687 -0.894900 -1.438249
 -0.211288 -1.081982 0.197753 -0.068148 0.238279 1.738259 -1.223032 1.263972
 -0.815569 -0.692849 -0.088689 0.969213 0.135955 0.530282 -0.923104 0.362534
 0.135619 -0.815541 -0.679731 0.345905 0.223358 -0.369250 1.024258 -1.901880
 -0.260756 0.120477 -0.412461 0.656998 -0.765135 -1.658992 0.148400 0.186618
 -0.177543 -0.551651 -0.671665 0.864659 -0.758066 -2.898127 -0.157131 0.477279
 -0.275770 0.055861 -1.067269 0.764126 -0.693047 1.361483 0.704164 0.276099
 -1.078764 -0.096957 -0.002131 -0.456119 0.403639 0.826985 0.249130 -1.178838
 -0.428998 -1.018934 -0.229228 -0.451155 1.267543 -0.445322 -0.631503 -0.849194
 -0.449031 -0.298015 -0.308430 -2.144654 -1.136237 -0.874557 -1.937154 -1.371338
 0.182603 -0.912995 0.127652 -0.000605 0.057487 1.477116 -0.042534 1.536546
 -0.227102 -0.312414 -0.402415 0.762141 1.875472 -0.828980 1.028957 -0.621693
 -0.021767 -0.036570 -0.621483 0.220719 -1.945246 -0.371555 -0.833322 -0.651091
 -0.337559 -0.449595 -0.474582 -0.160575 -2.056773 -1.155859 2.250211 -0.061130
 -0.128342 -0.263442 0.103880 -0.536459 0.114863 -0.757577 0.161431 0.560959
 -0.778813 -0.759213 -0.872816 -1.299658 -0.554599 1.554678 0.334419 0.409587
 -0.802319 -0.328763 0.107958 -0.655693 1.283844 2.402571 -1.788982 1.339045
 -0.073827 0.035427 -1.063234 0.708893 0.741247 -1.741285 -1.582967 -1.875285
 0.093861 -0.339568 -1.070373 -0.770116 -0.445195 0.230510 -0.651361 0.022827
 -1.059440 -1.069226 -0.727797 -0.056171 -1.931121 -0.142312 -0.324910 0.278463
 -0.632368 -0.652280 -1.067899 -1.761364 2.168441 0.816244 1.237324 0.238009
 -1.053528 -0.495306 -0.777939 1.617644 -0.570905 0.754600 0.578765 0.516159
 -0.444321 -0.550161 -0.019803 -0.527474 1.270179 -1.058717 0.436180 -1.153168
 -0.934838 -0.343033 -0.061946 1.476837 1.042608 0.701914 0.358142 -0.282517
 -0.723624 -0.715025 -0.430907 1.279007 1.293842 -0.951811 0.936215 0.965425
 0.127476 -0.773432 -0.898406 -1.192727 0.313254 0.065234 -1.848221 -0.715122
 -0.621517 -0.800196 -0.906363 -0.108669 0.528807 0.844447 -0.595416 -0.017482
 -0.048738 -0.442254 -0.049556 2.003849 -0.364703 -0.684162 0.737100 -0.769179
 0.146106 -1.061396 -0.476807 -1.410122 0.559283 0.297242 0.666793 -0.104767
 -0.116182 -1.090186 -0.011524 0.257434 0.589150 0.297286 0.877603 -1.852395
 -0.355728 -0.536019 -0.997494 -0.417747 -1.356228 -0.608212 0.159549 0.932038
 -0.446844 -0.476461 -0.521962 0.879335 -0.663952 0.276514 2.112380 -0.155814
 -0.507049 0.088663 -0.231269 -0.299445 0.712101 0.717038 0.081621 0.880584
 -0.348543 0.089150 -0.369299 -0.829949 1.477396 -0.011208 -1.311386 1.393310
 -0.232898 -0.816729 0.007128 -0.732449 0.335854 -2.016999 -0.620901 -0.682300
 -0.679136 -0.637352 -0.169430 -0.267458 -0.890148 2.481844 1.538102 1.843579
 -0.818833 -0.149019 -0.878450 1.164704 0.875641 1.343899 -0.986343 0.246080
 0.192904 0.130211 -0.180920 1.260657 -0.441974 -1.001744 0.834290 -0.216687
 -0.596205 -0.533468 0.135442 0.634353 0.711605 1.444248 0.919116 -1.250148
 -0.243185 -0.110267 -0.256618 0.460413 -2.179965 2.584043 -1.348633 -0.334094
 -0.237012 -0.787391 -0.919792 -0.413327 -1.091855 0.433234 -1.766748 -0.956918
 -0.517471 -0.154953 -0.323122 -0.666185 -1.198264 -1.066363 -1.466632 1.842339
 -0.209333 -0.168803 -1.050373 -0.729320 0.177669 0.732703 0.341366 0.608474
 -0.588453 -0.771556 -0.725980 0.381732 -0.062310 -1.203933 -1.158774 1.171228
 -0.568003 0.066681 -0.872470 -0.647792 1.821016 0.970173 -0.659882 0.710816
 -0.718892 0.133875 -0.490867 1.098507 1.177830 0.360846 -0.093225 0.487097
 -0.410369 -0.559651 -0.869087 0.718340 -1.508079 -1.875563 0.727424 1.953351
 -0.083546 -0.598677 -0.094032 -0.104286 -0.294285 -0.652471 -0.603226 0.899797
 -0.928787 -0.150962 -0.513344 0.610768 0.341783 -0.963109 0.870890 2.662947
 0.117791 -0.468997 -0.012885 1.557432 1.795949 2.394410 0.443512 -0.703511
 -0.471083 0.066097 0.134231 -1.794437 -1.941641 -1.827520 1.079857 -0.147076
 -0.494866 -1.051168 -0.008223 1.196953 -1.194288 1.105850 -0.377406 0.486790
 0.118448 -0.394412 0.029977 -1.026689 -1.476628 -0.617681 -0.932772 -0.008197
 -0.703142 0.074088 -0.693308 -0.736115 -0.110787 1.574293 0.057244 -0.290584
 -0.164632 -0.448410 -1.073786 -0.270044 -0.300139 -0.021254 0.317520 -0.372798
 -1.079762 0.035450 -0.573586 0.174100 0.965313 -1.219116 -1.121501 1.184389
 -0.643106 -0.303775 -0.178164 -0.784604 0.157747 0.922387 1.236367 0.787833
 -0.782581 -0.078465 -0.996965 0.742219 -1.094387 0.804981 -0.207272 0.092699
 -1.010012 -0.351755 -0.333258 0.368214 0.264542 -1.146722 0.579819 -0.672412
 -1.026019 -0.939467 -0.547221 0.851759 0.457656 -0.141344 0.721300 -0.175794
 -1.015801 -0.836758 -0.719766 -0.240789 -0.818121 -1.635606 0.952144 1.605421
 -0.172383 0.122194 -0.141847 -0.509472 0.234409 1.104326 0.485891 0.570255
 0.115074 -0.943832 -0.616364 -0.067217 -0.374928 0.029157 1.338385 -0.832963
 -0.210696 -0.349512 -1.013421 -0.029728 0.666393 -0.666098 0.490402 0.064212
 0.014145 0.129822 0.062505 1.132364 0.607688 0.722876 1.850217 2.662628
 -0.208798 -0.395712 0.021791 1.017284 0.401628 2.381052 -1.458084 0.090340
 -1.007136 -1.077146 -0.755698 0.775324 0.276424 -1.036397 0.195153 1.397922
 -0.607068 -0.771883 -1.005606 -1.262046 0.475790 -0.406170 -0.870890 0.720156
 0.116989 -0.327885 -0.346287 -1.507736 -0.505553 2.321477 0.815428 -0.541376
 -0.527521 -0.523284 -0.854238 -1.190268 -1.681832 1.150914 -1.844588 1.686531
 -0.689554 -0.698088 -0.931478 -0.623289 1.177541 -2.096808 -0.648427 0.958486
 -0.406283 -0.653941 -0.812134 -0.945471 -0.410936 -0.614490 -0.130899 0.513879
 0.149490 -0.000860 -0.707140 1.372068 -0.045201 -0.033137 -1.569601 0.230354
 -0.857920 -0.907801 -0.255643 -1.171180 1.083131 0.826504 0.677252 0.398493
 0.068606 -0.416190 -0.283558 -0.456746 0.993434 -0.229560 0.967427 -1.078295
 -1.090134 -0.955287 -0.958824 0.322340 0.031111 0.350376 0.606208 0.139022
 -0.372241 0.137375 -0.332269 0.785607 -1.680208 -0.976668 1.923922 -0.342936
 -0.531127 -0.909794 -0.661743 -1.283936 -2.286166 -0.250055 1.777288 -0.958535
 -0.961508 -1.042590 -0.304590 -0.678710 0.529447 0.606070 -0.418158 -1.155491
 -0.382050 -1.078215 -0.059858 -0.961561 -0.160931 0.146270 2.077037 0.535713
 -1.095771 0.165644 0.122927 0.472763 -0.920167 -0.290267 -0.867156 0.587577
 -0.598433 -0.588316 -0.994105 0.017411 0.084777 1.299146 0.927661 1.403854
 0.005634 -0.259991 -0.990711 0.149569 -1.317188 -0.050058 0.752270 -0.740535
 -0.387961 -0.891845 0.195436 0.052007 -1.846004 0.494987 -0.242899 -0.291528
 -0.276705 -0.285523 -0.250758 0.399782 2.107779 -0.662454 1.342583 1.542136
 -0.199478 -0.860347 -0.959912 0.124943 -0.216138 -0.603946 -0.303249 -1.135136
 -0.813026 0.125201 -0.229518 -0.198180 -0.704950 0.532767 -1.983303 -0.361375
 0.048025 0.196674 -0.124781 0.269497 0.824658 2.448028 1.115256 -0.493421
 -0.176699 -0.527370 -0.553681 -0.746520 0.241165 -0.748022 0.053254 -0.555197
 -0.416679 -0.977165 -0.420696 -0.444180 -1.435054 -0.514158 -0.279164 -0.310632
 -0.587566 0.187740 -0.296522 1.229047 -1.048837 -2.502433 -1.016065 0.774354
 0.156294 -0.095388 -0.565411 -0.183945 -0.374485 0.393117 2.086991 -1.436910
 -1.008585 -1.028448 0.125530 0.445466 1.239252 0.928610 -0.295996 -0.412840
 -1.013642 -0.716130 -0.152423 1.450419 0.490075 0.015714 0.697517 0.181089
 -0.036094 -1.007264 -0.580889 0.477887 -1.086235 -0.812105 -0.813625 0.128296
 0.191368 -0.612914 -0.363010 -0.104008 -1.348875 1.130699 -1.827302 0.388673
 -0.844146 -0.892428 -0.796768 -0.833154 0.470733 -0.324312 -0.611494 -0.688350
 -0.678256 -0.069075 0.076609 0.342921 -0.161212 -1.728897 -0.664307 0.316640
 -0.449545 -1.024888 -0.878481 0.428377 -0.360487 0.062693 0.438778 -1.205265
 -0.970119 -0.475215 -0.286330 -0.353830 1.378596 -0.966466 -1.135106 0.786665
 0.029302 -0.798231 -0.352501 -0.301135 1.279831 0.574402 0.229608 0.368223
 -0.554004 -0.491034 -0.544314 0.756870 -0.104257 -0.574059 -0.672968 -1.211857
 0.106013 -1.025704 -0.466241 -1.521715 3.032524 0.840357 -0.598985 1.149129
 -0.255708 -0.738549 -0.098216 0.822420 -1.342407 0.185219 -2.515238 -0.902092
 -0.502607 -0.859595 -0.850900 -0.778826 1.536797 1.286868 0.499413 -0.361688
 0.191757 -0.856170 -0.592086 0.457166 -0.062413 0.714629 1.085883 -0.052814
 -0.047936 -0.133663 -0.129649 -0.266946 -1.132660 -0.339529 0.754026 0.109650
 -0.330414 -0.177448 -0.743061 1.437029 0.631327 -1.952089 1.433310 -1.589560
 -0.967548 0.186723 -0.441375 -0.914501 -2.526548 0.514877 0.737633 -1.084976
 -0.072174 -0.474868 -0.409770 -0.551866 -1.424423 -0.618145 -0.339896 0.444649
 -0.649623 -0.807323 -0.808876 0.222019 -0.184731 -0.074402 -0.005490 0.751404
 -0.120139 -0.361196 -0.567467 -0.400069 0.998404 0.113494 0.937052 -1.247254
 -0.878918 -0.125475 0.054031 0.116228 0.552202 -2.030333 1.318078 0.683798
 -1.095293 0.043902 -0.711361 -1.558764 1.197976 -0.593479 0.145924 -0.359946
 -1.037656 -0.696647 -0.783225 0.732829 -0.509057 0.511840 -0.231051 -0.741367
 -0.213789 -0.479555 -0.153964 -1.705502 -2.287297 -1.356579 -0.957432 -0.573300
 -0.952881 -0.842766 -0.189471 -1.235624 1.408642 0.215527 -1.448603 -1.470087
 -0.183332 -1.042634 -0.979643 -0.023923 1.877942 -0.234158 0.402631 -0.737364
 -0.091481 -1.092710 -1.036379 0.710003 0.435620 -0.175964 1.246403 -0.367066
 -0.365771 0.027199 -0.590461 -0.795909 0.243178 -1.062882 0.662849 1.152168
 -0.047577 -0.540945 -0.880602 -0.906181 -0.129138 0.660695 -1.874595 2.157192
 -0.653182 -0.738766 0.017726 -1.243387 -0.266313 -0.835055 0.946978 0.143476
 -0.328528 -0.592118 -0.625110 2.016602 -0.113304 1.354147 -0.808617 0.124160
 -0.665977 -0.004898 -1.092298 -0.106497 0.090242 -0.599607 0.096319 0.567167
 0.183041 -0.797392 0.165297 1.109575 0.446861 -0.711986 0.580127 0.328925
 0.154791 0.126796 -0.507275 0.450750 0.775970 0.754746 1.666881 1.486524
 0.157222 -0.372965 -0.403426 0.127024 -1.356846 0.641168 -0.098662 0.572349
 -0.144697 -1.075693 -0.887527 2.438110 1.122970 -0.184147 -0.805053 -0.566480
 -0.687426 0.125790 0.141962 -1.229038 -0.794678 0.713419 -0.334364 -0.328474
 0.011377 -1.094321 -0.209994 0.041003 0.261070 0.356151 -0.133100 -0.675878
 -0.243171 0.192107 -0.881951 -0.282427 -1.129568 0.655302 1.117728 0.342377
 -0.924512 -0.445296 -0.301082 0.939808 -1.409369 0.046934 -0.172392 0.615783
 0.084410 -0.358638 -0.584248 -0.943562 -1.322390 0.691281 -2.091487 1.641300
 -1.020633 -0.640766 -0.301747 0.178459 -2.048038 1.041255 0.558310 -0.395279
 -1.074480 -0.951625 -0.897240 -0.155520 -2.062755 -0.354462 1.490674 -0.170038
 0.038939 0.122589 -0.623200 -0.487943 0.169224 0.593697 -0.631193 -0.217844
 -1.047310 0.034700 -0.399289 -0.388184 -0.985353 0.254107 0.092780 -1.713030
 -1.004041 0.199768 0.010295 2.426707 -0.397926 -1.217568 -0.023852 -0.918154
 -0.320748 0.051668 0.036176 0.412681 0.052647 -0.267177 0.244636 0.561775
 0.061298 -0.186069 -0.811058 -0.266981 0.683949 1.739696 0.882823 1.532605
 -0.305016 -0.819917 -0.114294 0.227575 2.183310 -0.610688 -0.707676 0.024623
 -0.243018 -0.245624 -0.699019 1.483194 0.455160 -0.705528 -0.816621 -0.030923
 -0.950589 -0.103670 -0.448746 -1.018898 -0.167223 -0.171239 -0.198573 0.549396
 0.030215 -0.842440 -0.657103 -0.669115 1.226626 -1.040648 -0.599928 0.566388
 -0.576329 -0.059674 0.176644 -0.022765 -0.591043 -0.225239 0.899512 0.071981
 -1.075295 -0.194982 -0.710231 0.295407 2.662137 1.078516 0.583420 1.645098
 -0.975041 -0.383150 -0.668208 0.054786 0.961500 -0.628227 -0.236207 -0.685801
 -0.981436 -0.735704 -0.199815 0.169167 -0.140234 -0.006495 0.491590 0.385893
 -0.692092 -0.655794 -0.130045 -1.203522 -0.854461 0.187219 -0.601797 -0.461457
 -0.750327 -0.742227 -1.070838 0.213731 -0.003151 0.114212 -0.725749 1.082891
 -0.939891 -0.129891 -0.925883 -0.705342 1.932522 -0.518214 0.993422 -0.974496
 -0.705685 -0.993023 0.063134 -1.373351 0.148252 0.266666 0.811465 -0.252831
 -1.031985 -0.042332 -0.528525 0.293703 -2.351338 0.649033 0.334552 -0.324154
 -0.148926 -0.232328 -0.889277 0.052403 0.568488 3.065116 -1.084520 0.036331
 -0.358673 0.058970 0.051660 2.312859 -0.125536 1.981141 0.042311 -0.714823
 -0.856434 -0.944342 0.018472 0.097753 -2.395124 0.244453 -0.511226 1.565767
 -0.150192 -0.135325 0.106074 0.644253 0.112790 -0.188615 -1.244943 0.391156
 -0.913297 -0.274014 -0.682072 -0.531300 0.171722 -1.944867 -0.466241 0.058789
 0.157248 -0.100102 0.004354 1.234360 -0.438710 -0.565030 -0.005873 -0.325822
 -0.724740 -1.050605 -0.755973 -0.597220 -0.629716 0.011736 -0.598802 0.875069
 -0.974490 -0.805676 -0.217036 0.614134 0.013069 0.654507 0.197486 -0.480488
 -0.773443 -0.851307 -0.054536 0.502824 0.563789 0.189967 -3.245785 2.130421
 -0.574472 -1.028115 -0.282053 -1.839376 0.167440 -0.853703 1.202426 1.537536
 -0.182138 -0.770569 0.104959 0.847156 -0.172948 -1.308432 -0.000974 -0.601112
 -0.240745 -0.857286 -0.482213 -1.666298 -2.560559 -0.401048 0.331486 1.322602
 -0.022342 -0.236159 -0.046518 -0.669811 -0.378578 0.447917 -1.060730 -1.284437
 -0.923750 -0.425434 0.054301 0.872025 1.308794 -1.442498 -0.686990 0.943955
 -0.064129 -0.519205 -0.719708 0.735397 -0.480133 0.924305 -0.695962 -0.234932
 -0.378568 -0.202605 -0.160264 -0.522823 -0.509037 -1.916694 -0.040632 -0.500947
 -0.742266 -0.714433 -0.713991 -0.233091 1.653237 1.178012 -0.004510 -0.046487
 -0.857740 -0.648227 -1.074893 -0.251770 0.832739 -0.003190 2.840785 1.023868
 -0.703082 0.102444 -0.768523 0.706733 1.096852 0.116814 -1.157013 -0.091398
 0.043450 -0.560760 -0.746603 -0.156020 -1.613847 0.928660 0.643267 -0.919727
 -0.889974 -0.200479 -0.918873 -0.899401 0.146004 0.415206 -0.932805 0.155313
 -0.005776 -0.963339 -0.306903 -1.174815 0.017191 -1.110029 0.112592 -0.734076
 0.073427 0.109173 -0.551339 -0.440445 0.342546 -2.232140 -0.166522 1.028931
 -0.612827 -0.412283 -0.886463 0.232843 -0.379127 0.663388 -1.226453 -0.793629
 -0.026855 -0.829373 -1.053390 0.177300 -0.129694 -1.115186 1.964486 -0.641376
 -0.869579 0.119204 -0.696244 0.743250 0.236667 1.605716 -1.443310 0.049944
 0.115143 -0.803490 -0.600490 0.294974 1.936432 -0.038247 -0.930484 -1.465895
 -1.082552 -0.508252 0.189370 1.048200 -0.751984 1.469964 1.303975 0.751624
 -1.006824 -0.131514 -1.005343 -0.500646 -0.040425 1.772894 -0.252049 -2.385416
 -0.989245 -0.278251 -0.705424 -0.155628 0.858594 -0.016681 1.432268 0.727334
 0.048537 -0.597332 -0.911539 1.027186 -0.050359 0.212156 1.438281 -1.960639
 -0.480855 0.157501 -1.022490 0.093078 1.881948 0.420846 -0.976277 0.382229
 -0.222465 -0.583586 0.180692 -0.309436 -0.957295 0.448491 -0.687968 0.424517
 -0.977169 -0.676093 0.128383 0.197305 2.015648 1.296935 0.555029 -1.206772
 -0.784935 -0.498931 -0.786127 -0.563500 -1.657822 -1.798575 0.214260 0.195423
 -0.227057 0.010853 -0.621858 -1.595294 0.245812 -0.739604 0.214074 -0.333286
 -0.667761 0.113150 -0.853105 -0.593074 -0.569435 -0.637833 -0.470893 -0.336728
 -0.544018 -0.831831 0.075395 1.758779 0.093716 0.972448 0.136288 -1.142039
 0.109498 -0.525560 -0.236652 0.474542 -0.914715 1.654908 0.482537 -0.690850
 -0.944648 -0.426010 -0.992796 -0.786317 0.310212 -1.155880 0.416095 1.975313
 -0.055703 -0.186132 0.000913 0.040504 0.349603 -0.124464 -0.715406 0.443866
 -0.997302 -0.561852 -1.003742 -0.322080 0.390924 -0.396018 -0.570185 1.940545
 -1.052645 -0.985145 -0.947419 0.713833 1.618056 -0.562155 1.413786 0.884848
 -0.820442 -0.469449 -0.312586 0.016146 0.317206 0.453261 0.078397 0.089427
 -0.545319 -0.759776 0.045915 -0.434555 -1.121291 0.455985 0.613724 1.846991
 0.121359 0.048972 -0.665533 -0.737637 -0.334181 -0.290805 -1.241087 0.496009
 0.118977 -0.759692 -0.913699 0.459779 0.089465 -0.707366 -1.238647 -0.408211
 -1.044645 0.186903 -0.229237 0.186669 0.324575 -1.571571 1.962633 -0.797561
 -0.877452 -0.677574 0.154850 1.184212 -0.231839 0.624481 -0.787049 1.379477
 -0.870869 -0.325955 -0.325351 -0.336477 -0.437206 -0.238868 -0.124846 1.294541
 -0.377245 0.025481 -0.615618 2.395616 -0.838930 -0.111047 -0.047027 0.328627
 -0.625116 -0.045387 -0.447600 0.832937 -0.806648 1.262596 -1.740042 0.339984
 -0.592838 0.150973 -0.256248 -0.145563 -0.120120 -0.569598 0.781896 -0.155058
 -0.940782 -0.494163 -0.620236 0.171391 0.427837 1.561835 2.183666 -0.781521
 -0.936233 -1.017213 -1.035201 -0.263662 0.436131 0.111317 -1.707653 1.283481
 -0.333716 -0.810943 -0.307484 0.566904 -0.788763 -0.355572 0.164329 0.111543
 -0.051068 -0.437410 -0.782938 0.341271 2.499458 0.530505 0.565971 1.207610
 -0.735781 -0.026011 -0.060157 -1.258949 1.229205 0.175732 -1.358951 -1.236535
 0.024324 -0.713718 -0.913080 0.975276 1.574927 -1.155989 0.011367 -2.009176
 -0.585693 -0.914778 -0.045101 -0.032309 -0.847561 0.711434 2.475118 -0.528079
 -0.185196 0.004432 -0.410968 0.167656 1.273274 -0.577776 0.716158 0.028262
 -0.665074 -0.799036 -0.998802 -0.258919 -1.214217 1.171937 0.456846 0.669476
 -0.162668 -0.118789 -0.082236 -1.196787 -0.419651 -0.557836 1.094680 -0.178216
 -0.507309 -0.655736 -1.009521 -0.446128 -0.159832 1.617398 0.197636 0.021911
 0.167410 -0.796551 -0.414510 0.456327 -0.514211 -0.308718 -1.136812 -0.508027
 -0.111618 -0.228860 -0.985768 -0.338855 0.743431 1.352174 -0.806839 1.450040
 -0.161615 -0.318508 -0.270434 -0.506929 -0.593806 0.006970 -1.131983 0.120406
 -0.441488 -0.159854 -0.926926 -0.061661 0.261743 0.317646 1.227695 0.186810
 0.170485 -0.849152 -0.109391 -1.554904 -0.133671 1.736730 0.888719 1.785131
 -0.972041 -0.456394 -0.471626 -1.302029 0.168865 1.137927 1.733807 0.828791
 0.138048 -0.195834 -0.421260 0.579722 -0.621610 1.753626 0.014805 -0.251940
 -0.394464 -1.086767 -0.440670 -1.128338 0.623959 0.411895 -0.013965 0.284658
 -0.470202 0.098229 0.023520 1.276649 0.392873 -0.660378 -0.452994 1.645974
 -0.649214 -0.267822 0.145629 0.836983 -0.053004 0.309257 0.662476 -0.176596
 -0.411146 0.120960 -0.192883 0.882168 0.298039 -0.381441 0.772164 1.552555
 -0.001365 -1.047069 -0.097248 -0.174505 -0.346667 -1.013178 -0.826981 1.811206
 -0.433678 -0.203982 -0.703068 -0.793495 -0.377544 -0.619945 -2.202870 -1.439144
 -0.925974 -1.095015 -0.219105 0.301407 0.333997 0.989681 0.244556 -0.677403
 -0.624821 -0.599150 -1.065138 0.739119 -0.253150 -0.938496 0.120654 0.172949
 -0.238274 0.006826 -0.680603 -0.583244 0.769379 -0.513627 0.307847 0.835923
 0.145192 -0.421756 -0.767177 0.934357 0.215549 -2.157135 1.597921 -0.284777
 -0.512932 0.151695 -1.034970 -0.247672 -0.168176 -1.165409 0.166184 0.510559
 -0.029789 -0.097713 -1.095176 0.034140 -1.190551 -0.237791 2.319119 0.113422
 -0.380914 -0.342952 -0.937696 -0.123914 1.329845 0.307493 -0.361205 -0.453421
 -0.632601 0.013439 -0.003556 0.435153 0.245116 0.592961 -0.356827 -0.969927
 -0.045857 0.187026 -1.067682 0.576689 -0.097580 -1.059511 -0.788692 -0.795165
 -0.726361 -0.295422 -1.083611 -1.183750 0.507017 -0.285523 0.925869 -0.446839
 0.065386 -0.191944 -0.594868 0.583684 0.831202 -2.197801 1.489232 -1.263833
 -0.922906 -0.645997 -0.025030 0.213686 -0.339372 -0.336447 -1.170036 0.686703
 -0.324967 -0.967277 -0.526021 0.896307 0.934489 -0.055581 0.714730 0.588929
 -0.538320 -0.793863 -0.204636 -1.035939 0.817902 1.275069 0.724994 0.625579
 -0.093970 -0.828382 -0.891894 0.838610 0.143386 -0.379997 -0.541206 0.449596
 -0.942648 0.122793 -0.503323 -1.590970 -0.762932 -0.474262 -0.765257 0.014425
 -0.189009 -0.207494 -0.404064 1.750883 0.239961 -0.807881 1.531697 0.468047
 -0.234482 0.038686 -0.524128 1.403661 -1.696940 -1.210264 -0.857003 2.490726
 -0.464336 -1.086385 -0.160937 -3.110413 -0.657042 -1.238617 -0.855064 2.034692
 -0.782695 -0.117416 -0.842676 0.718180 -0.444650 0.803392 1.674442 -0.933647
 -0.198649 -0.566164 -0.948440 -1.810724 1.638327 -0.221244 -0.983961 -2.616535
 -0.296291 -0.472594 -0.521703 0.976597 -0.273587 -1.961523 0.623037 -0.063559
 -1.051709 -0.026224 -0.614347 -1.714210 -0.889433 -0.600145 -2.814899 2.242280
 -0.229094 -1.094693 -0.978373 0.655599 -2.282229 -1.197143 0.426162 0.022394
 -1.094585 -0.653090 0.124026 -0.064200 -0.576629 -0.026546 -0.335287 -0.092372
 -0.141729 -0.374905 -0.762340 -0.496683 0.122431 0.041431 -0.665291 -2.668159
 0.159072 -0.798224 0.126519 -0.875769 -0.591474 -1.393960 -2.219338 1.506366
 -0.548455 -0.855761 -0.926790 0.474515 0.323190 -0.993829 0.127137 0.958739
 0.083773 -0.529758 -0.484784 3.220567 1.760686 0.960966 -1.361226 0.564403
 -0.439807 -0.984259 -0.828494 0.777008 1.136670 -0.233686 1.159074 -1.101254
 -1.039036 -0.135050 -0.249509 0.897705 0.510125 -0.896775 2.289428 -1.190643
 0.071747 -0.885820 -0.022914 -1.162384 0.558295 0.846052 -0.855098 -0.573827
 -0.488535 0.165887 -0.007400 -0.890861 0.022936 -0.166172 2.178709 0.498256
 -0.989165 0.010304 -0.724093 -0.360499 0.897181 -0.126366 0.524881 0.156581
 -0.006601 -1.089729 -1.005663 -0.232716 0.157274 0.824487 -0.251714 1.319356
 0.087956 0.072318 -0.767806 -0.860957 -1.421097 -0.073556 -1.978368 -0.166230
 -0.478154 -0.247216 -0.895028 -3.151544 -1.013192 0.423044 -0.682206 -0.295080
 -0.790564 -0.064339 -0.618672 1.534198 -2.026908 0.138003 -1.344170 -1.804296
 -0.074513 0.035192 -0.857451 -0.348659 -0.451586 0.327165 0.780511 0.594813
 -0.039833 0.179498 -0.362436 1.452622 0.823333 0.348437 0.941946 -0.161501
 -0.047403 -0.643090 -0.339161 -1.131551 0.970814 -1.572847 -0.769135 -2.110922
 0.115306 -0.757891 -0.791452 0.575072 -0.146440 0.530439 0.291917 -1.022781
 -0.637456 -0.500932 -0.756188 -0.368740 0.429710 -0.874706 -0.027230 1.433234
 -0.589377 -0.984876 -0.866523 0.994758 -0.267851 -1.560989 0.035920 -0.856115
 -0.525391 0.077268 -0.507744 0.892205 3.279014 0.481850 -0.936133 0.392343
 -0.808419 -0.736311 -0.324411 -0.430984 -0.970965 -0.516229 0.838377 0.400730
 -0.262142 -0.829949 0.155899 -0.099047 -1.319636 -0.144598 0.828628 -0.093348
 0.127544 -0.083025 -0.521509 -0.440896 -0.297691 0.597785 -0.296294 1.508759
 -0.331774 -0.088633 -0.750641 0.152344 -1.127680 0.617430 -0.155995 -0.506131
 -0.823962 -0.772298 -0.321169 0.959241 -1.420153 -1.062089 -2.554557 -0.642304
 -0.116132 0.094510 -0.512938 0.165008 0.453897 -0.891561 -0.748962 -0.876939
 -0.616051 0.109626 -0.072450 0.259118 -1.336746 -2.079785 0.408006 -1.673032
 -0.873968 -0.091989 -0.041163 -0.147514 -0.543742 0.568729 0.661789 2.024912
 -0.376150 -0.467817 -0.453960 -0.618476 -1.073132 -0.837233 0.120515 -2.004933
 0.152459 -0.252022 -0.386913 0.550488 -1.793622 -0.008345 1.258523 0.463712
 -0.917938 0.052347 -0.181892 1.083541 -0.212936 0.266305 -0.853474 2.448497
 -0.285485 -0.193208 -0.276348 -0.064855 -0.282221 -0.601641 -1.569856 2.342376
 -0.331934 -0.823874 -0.621620 0.740846 -0.356611 -0.693777 -1.529665 0.180620
 -0.365555 -0.300760 -0.137488 -0.309159 2.069500 0.546104 0.747256 1.584428
 -0.481851 -0.288375 -0.091278 -1.234475 0.646315 -0.486359 0.780297 0.616035
 -0.953794 -0.496364 -0.509731 -0.340561 0.918891 0.038054 -0.657937 -0.031073
 -0.952717 -0.669697 -0.112789 0.944046 -0.539082 0.743158 0.374936 0.408498
 -0.630095 -0.479893 -0.656999 -0.917939 0.139785 -0.237839 -1.279314 0.030674
 -0.961838 0.033690 0.102482 -0.073327 1.450768 0.060061 1.340844 -0.310083
 0.089763 -0.563505 -0.083220 -0.432472 1.120459 1.102580 0.581589 -0.128850
 -0.757064 -0.910054 -0.734693 -0.060764 2.095130 1.013720 -0.502540 -0.582639
 -0.890636 -0.752960 -0.176293 -0.252904 -0.736493 -0.208224 0.051052 -0.280212
 -0.058646 -0.916947 -0.436171 -0.872044 1.135224 -0.185095 -1.185389 0.907763
 -0.661095 -0.462769 -0.976528 0.709940 0.088486 0.917095 -0.310635 -0.493953
 -0.324433 -0.809811 -0.752420 0.027867 1.055602 1.014934 -0.531793 1.398924
 -0.385071 -0.399261 -0.847073 0.315928 0.985200 -0.521769 -0.018471 -0.708105
 -0.157402 -0.296912 -0.572847 -1.558087 0.709287 -0.501612 -1.496617 0.952799
 0.197715 -1.078772 -0.083153 -0.857354 1.222622 -0.240066 -0.300583 -1.390884
 0.069466 -1.065835 -0.879224 0.811490 -0.243489 -0.777746 1.089263 0.209063
 -0.115476 0.112997 -0.271215 -0.448958 -1.736803 -2.737779 -0.272130 -1.136578
 -0.895457 -0.322245 -0.860037 -0.561549 -0.101854 -0.401092 0.035477 -0.863393
 0.007669 -0.473515 -1.087564 -0.956334 -0.125970 0.922593 -1.115975 -0.515156
 -1.093011 -1.049169 -0.740716 0.371193 -2.834527 -1.962155 -0.999389 -1.685707
 0.040756 -0.058712 -0.179344 -0.867369 -0.030651 0.681383 -1.308294 -1.751287
 0.036006 -1.094053 -0.881698 0.209995 0.667975 -0.232592 -0.143764 -2.172012
 -0.645829 -0.855458 -0.864339 -0.849407 -0.274180 -0.941186 0.675597 0.250713
 -1.007065 -0.044063 -0.954995 -1.651089 -0.744695 -0.948071 0.374428 -0.714507
 -0.495682 -0.329148 -0.194815 0.513436 -0.885656 0.741409 1.276991 -1.157657
 -0.953327 -0.912422 0.012773 -0.276864 -0.809058 0.228835 -0.662947 -0.966122
 -0.999664 -1.012662 -0.274725 2.048217 0.618709 0.571303 -0.361730 2.050363
 -1.044956 -0.240169 -1.039700 -0.324095 0.296804 -0.598150 1.988917 -0.327409
 -0.377946 -0.400145 -0.872916 -0.031267 -0.364424 1.394603 -0.037753 0.188609
 0.086940 -0.323640 -0.805912 0.117532 0.653053 -0.898394 0.358741 0.634114
 -0.564746 -0.982368 -0.474237 1.164900 0.070807 -0.007403 1.393070 0.027065
 -0.754533 0.137222 -0.292957 1.785031 -0.515616 0.339756 1.109950 -2.267134
 -1.079341 -0.682955 -0.279916 0.684124 1.174298 -0.863524 -1.543199 -0.221820
 -0.085351 -1.095389 -0.738070 0.442659 1.246137 0.176607 0.886777 2.092352
 -0.164393 -0.593910 0.057980 -2.033280 0.490511 1.073951 -0.440743 1.174952
 -0.395607 -0.198651 -0.709333 -1.427246 0.257487 -1.364919 0.511568 -0.052348
 -0.537770 -0.296550 -0.655201 0.867663 0.681196 -0.499938 1.172667 0.603912
 -0.994322 0.070180 -0.977451 -0.369271 -1.138597 -0.828910 -0.647540 -0.290186
 -0.099725 -0.311789 -0.379752 0.220104 -1.419658 0.283685 -0.170325 0.317461
 -0.887628 -0.855693 -0.511807 -1.211918 0.366389 -0.664925 1.190999 -0.744474
 -0.786771 -0.432739 -0.629327 1.618849 -0.615496 0.696430 1.837174 -0.717045
 -0.804321 0.178198 0.086355 -1.222605 -0.332784 0.143493 -0.612023 -1.112278
 -0.081230 0.065551 -1.059064 -0.125577 0.626757 0.563835 1.298160 -0.923672
 -0.041274 -0.402766 -0.566903 1.034239 -2.593332 -0.821640 -0.253431 1.674187
 -0.372058 -0.121720 -0.009698 -1.924090 -0.869773 0.074837 1.676651 -1.316247
 -0.285143 0.060306 -0.040482 -0.431030 -1.301524 -0.847708 -1.198874 0.120833
 0.001271 0.043769 -0.988202 -0.594134 0.032365 -1.063495 0.337891 0.700920
 0.068577 -0.181873 -0.902425 1.215329 0.754175 -0.089044 1.183878 0.241880
 -0.818709 -0.975818 -0.276509 0.341478 0.677854 -0.473534 -0.081801 -0.931055
 0.192602 -0.454997 -0.238349 -0.542626 0.782234 1.003359 1.636592 -1.686682
 -0.839736 -0.760556 -0.424988 -0.832507 -0.341302 1.260493 -0.687909 0.717414
 -0.487956 -0.952236 0.054397 -1.831136 1.853868 -1.664595 0.081905 0.266382
 0.168721 -0.235462 -0.463828 1.784641 1.250538 0.335720 -0.535099 2.117628
 -0.599814 0.189771 -0.687414 -0.457400 -0.360569 0.002401 0.090188 0.657248
 -0.869915 -0.064319 -0.944501 -0.654736 -0.374760 0.504001 -0.990442 0.754926
 -0.206070 -1.003909 -0.265226 0.967475 -0.263605 -0.925003 -1.390322 -2.890177
 -0.699899 0.093580 -0.612773 0.142860 0.150429 -0.386919 -1.025752 -1.891960
 -0.910124 -1.008514 0.082150 -0.360653 -0.837451 1.097833 -0.331387 1.501648
 -0.189058 -0.530599 -0.051970 0.234875 -0.277583 0.028099 0.491812 -0.655390
 -0.014902 -0.440315 -0.189784 -0.000522 0.355587 0.751250 0.595071 -0.495780
 -0.394290 -0.424550 0.162427 0.965891 1.257435 0.540778 -0.932525 0.360834
 -0.260747 -0.082435 -0.275023 -0.264048 0.556329 -2.482859 -0.808140 -0.199080
 0.126163 -0.529376 0.008571 -0.084828 0.541633 0.262604 -1.047561 -0.110964
 -0.076778 0.142393 -0.635810 -1.226730 -0.612295 1.052292 0.422140 -0.164504
 -0.048072 -0.720077 -0.905663 -0.306093 -0.602337 -0.253452 0.409834 -0.469577
 -1.027416 0.183412 -1.055467 0.016396 -1.410902 -1.469060 -1.324676 -0.328886
 -0.727480 -0.986539 0.003780 1.144052 -1.107585 0.184356 -1.256250 -0.243765
 -0.848891 -0.666142 0.120179 0.683677 -1.315825 0.975066 -0.601147 0.020558
 -0.560864 -0.590505 -0.342597 1.237349 -0.737273 0.131437 -0.534705 1.578599
 -0.615637 -0.494303 -0.644762 0.338352 0.664594 -1.656529 -0.533861 -0.844374
 -0.053817 -1.053733 -0.895603 0.734341 -0.092367 -0.418751 0.084744 0.715952
 -0.810253 -0.325570 -0.633380 1.090703 -0.248011 0.381065 -0.326318 0.111162
 -0.459514 0.104719 -0.019073 0.284027 -0.054863 -0.326399 0.363972 0.152833
 -0.307318 -0.821068 -0.312734 0.963599 -2.052934 0.023667 -0.084997 -0.970027
 -0.184438 -0.696946 -0.899283 1.225122 0.377650 -0.182370 -0.764775 -0.149662
 -0.900884 -1.064248 -0.044472 1.383410 -0.908228 0.397964 0.682283 -1.058670
 -0.375881 -0.323268 -0.177431 -0.524228 0.832818 -1.004095 -1.120671 -1.180360
 -0.832935 0.067182 -0.184280 -1.964864 -0.442584 -0.000114 0.827811 -0.248529
 -1.035785 -0.364961 -0.118973 -1.210747 -0.376714 -0.138245 -1.900766 -0.214643
 -0.248485 -0.197437 -0.179214 0.001330 -1.215950 -1.008648 -0.611477 2.584404
 -0.664919 -0.905381 -0.070404 -0.396861 -0.809381 -1.326767 -0.760962 0.903995
 0.023002 -0.774957 -0.113285 1.233910 -0.416811 1.372230 0.806680 -1.045445
 0.049047 -1.083496 -1.006766 0.626921 -0.430187 1.015345 0.959527 1.563423
 0.165613 -0.140073 -0.057571 0.248961 -0.758042 2.263989 1.149206 -0.513126
 -0.020819 -0.891605 -1.035078 1.275567 1.025077 0.993453 -2.098489 0.042104
 -1.066965 -0.360885 -0.016462 1.885888 -0.895153 2.644313 -1.968108 1.759043
 -0.028244 0.138348 -0.108030 -0.225157 1.394529 0.127837 -0.106462 -0.084962
 -0.409808 -0.615090 -0.549885 0.997366 0.540693 -0.992911 0.583398 0.031215
 0.192151 -1.090678 -0.668737 -0.045141 0.483864 -0.857503 1.620180 0.386829
 -0.317976 -0.939291 0.140786 -0.362743 0.997040 -0.517497 -1.192331 -0.426615
 -0.316742 0.197545 -0.565797 0.296418 -0.658104 -0.338947 0.560112 -0.332063
 -0.363945 -0.427732 -0.275782 0.199963 -0.250233 -0.776732 1.564813 -1.253196
 0.131402 0.089499 0.013453 -0.396764 -0.667376 1.145843 -0.837256 -0.604191
 -0.829564 -1.050757 -0.986374 -0.686882 -0.159702 0.104738 -0.618531 -0.892737
 -0.270628 0.012749 -0.056398 -0.390281 0.165304 -1.175679 0.756151 -0.947911
 -0.682935 -0.716370 -0.827731 -0.658972 1.966676 -0.199669 -1.145071 -1.665473
 -0.971111 -0.358443 -0.695925 -0.181283 1.390818 -0.361803 0.086184 -1.493040
 0.085592 -0.649022 -0.800937 -0.035527 0.255990 1.745925 0.032278 0.506577
 -0.156038 -0.171285 -0.046227 0.729575 0.530646 -0.118850 1.235624 -0.552295
 0.025857 -0.130077 -0.785533 0.378138 -0.075600 0.515700 0.236616 0.567434
 0.102834 -0.805324 -0.039713 -0.104601 3.202851 -0.241477 -1.030391 -0.624873
 -0.352207 -1.000928 -0.327008 1.094727 0.914933 -0.382501 1.355900 2.292191
 0.177331 -0.019081 0.115269 0.790805 -1.054066 -0.286321 0.398651 1.579475
 -0.503249 -0.186797 -0.349604 1.823570 0.204073 -0.260282 -0.206661 -0.138668
 -0.087685 -0.659903 -0.998733 0.162187 0.303506 -0.939795 -0.801504 -0.007042
 -0.489314 0.155281 -0.887424 -0.162656 1.132929 0.690840 1.215918 -0.043801
 -0.126823 -0.847577 -0.335200 1.340646 -0.711858 0.463128 -1.264730 -1.449161
 -0.882437 -0.957250 -0.142279 0.674896 -0.565681 -0.538209 0.649509 -0.075074
 -0.876572 0.098665 0.028002 -0.009184 0.002117 -0.003274 0.709747 0.929289
 -0.267709 -0.409335 -0.424039 2.497978 -1.271353 0.883279 0.909927 -1.084707
 -0.821391 0.185903 -0.433050 0.727850 1.696960 1.007077 -0.175681 -0.585238
 0.048357 -0.404513 -0.663407 2.466436 -0.013677 -0.783536 1.611618 -0.011402
 -0.312838 -0.789701 -0.900499 1.274489 -1.021920 0.143733 -1.470781 -0.443471
 -0.572713 0.188154 -0.085465 -0.323568 0.372991 0.331502 0.150085 -0.481923
 -0.017925 -0.252387 -0.669056 -1.803372 2.128607 0.091572 -1.040549 -1.511810
 -0.449514 -0.556435 -0.483244 1.664866 -0.845951 -0.320247 0.367649 1.380085
 -0.780790 -0.057351 -0.343766 0.618243 -0.218172 1.731592 -1.668638 0.640583
 0.007685 -0.893696 -0.628779 0.162867 0.392931 0.696684 1.136130 -0.114149
 -0.064039 -0.545477 -1.044264 -0.171668 0.641189 0.338461 1.249293 2.262531
 -0.505878 -0.835653 0.163809 -0.974285 0.924394 -0.094835 -0.594530 0.033368
 -0.182993 -0.615834 -1.013229 2.768096 0.221917 -1.441937 0.731301 1.005429
 -0.916226 -0.237757 -0.820643 -2.438316 -1.521631 0.180511 0.622955 -0.050735
 -0.054986 -0.942349 -0.674398 1.318559 1.518553 2.017014 -0.007195 1.202285
 -0.399382 -0.214428 -0.496079 -0.535252 0.761350 -0.267391 -0.940050 -0.377268
 -0.375441 -0.493344 -0.371943 0.273368 1.268052 0.135032 1.748929 -1.436695
 -0.364939 -0.253796 0.114093 0.063994 0.930871 -1.133416 1.945143 1.766290
 -0.478593 -0.993189 -0.806224 0.543427 0.654731 0.273182 0.853857 -0.018540
 -0.439714 0.121563 0.128439 1.175161 -1.008135 0.317073 0.574162 -0.835047
 -0.453141 0.082145 -0.688051 0.418099 -0.409680 -0.418276 -0.796202 -0.450577
 0.078831 -0.960717 -0.575566 -1.560920 -0.577533 -0.588750 0.295433 1.155486
 -0.222143 0.020657 -0.721928 -0.902512 -0.347694 0.836588 -1.866970 0.465051
 -0.098393 -0.539302 -0.429937 -0.449087 0.897984 0.111750 0.690731 -1.363494
 0.037286 -0.960895 -0.018512 -1.079307 -0.690642 1.025035 -0.286814 0.257902
 -0.561798 -0.001994 -0.394134 1.071436 -0.512177 0.954554 -0.300742 -0.663126
 -0.399929 0.043254 -0.705098 -1.123232 0.231388 -0.468886 1.992794 1.155647
 -1.024073 0.186023 -0.679545 -1.241733 0.212724 -1.311272 -1.232401 -0.910519
 -0.879996 -0.897690 0.046103 0.275688 -0.379691 0.643436 2.351942 0.331300
 -0.241758 -0.131965 -0.804314 -0.742182 0.007372 0.534247 -0.409926 -0.125310
 -0.861537 -0.582036 -0.986191 0.465066 -2.568426 -0.776256 0.664054 -0.525732
 -0.461510 -0.173967 0.114582 1.320532 -0.699581 0.712923 1.404718 -0.522073
 -0.884915 -0.570548 -1.066967 0.222532 -0.603638 0.616716 -0.091930 0.168302
 0.102668 -0.993742 -0.239680 0.037518 -0.829304 -0.995515 0.417512 0.692599
 -0.509211 -0.408139 -0.934711 -0.151842 1.331705 0.296102 0.953893 1.207973
 -0.258904 -0.829587 -0.036648 -0.500846 0.484544 0.696898 0.380191 -1.526320
 -0.745683 -0.982585 0.039310 0.591622 0.531850 0.779996 0.536458 1.537693
 -0.049944 -0.880063 -0.227036 -0.131178 1.151899 -1.273500 -0.493608 -0.423924
 -0.585564 -0.129560 -0.971324 1.035731 -0.392706 -0.406046 0.038363 -0.463207
 -0.722088 -0.445447 -0.955422 -0.972905 -0.436374 0.257946 -0.183991 -0.388884
 -0.685390 -0.897794 -0.083631 1.903101 -0.088556 -1.245347 -0.165370 -0.421985
 -1.027437 -0.603246 -0.906291 -0.499158 0.199201 0.517364 1.284536 0.887619
 -0.547153 -0.364813 -0.673772 -0.415406 -0.975624 1.032712 -0.154033 0.358049
 -0.054246 -0.301631 -0.107850 0.687653 0.808754 2.461133 -0.154382 -1.484400
 -0.866159 -0.747696 0.130003 -0.930519 -0.349084 0.771799 -0.062369 -1.007889
 -0.129554 -0.128379 -0.697448 1.175415 -0.364933 -0.476561 -0.928293 -0.515274
 -0.931870 -1.082521 -0.751084 0.971427 0.332044 -0.756809 1.804466 -1.995469
 -0.416052 0.184220 0.100565 -2.352083 1.504734 -0.384950 -0.321938 1.728048
 -0.829480 -0.340273 -0.363854 -0.284827 0.513145 0.176154 0.973672 -0.680263
 -0.285748 -1.059497 -0.059203 0.028068 1.409510 1.554235 0.750804 -0.859914
 -0.154765 -0.984443 -0.233040 -1.769658 0.352687 0.445290 0.938897 0.077365
 -0.343228 -0.268279 -0.438239 -1.344078 0.541388 0.674948 1.968429 1.215769
 -0.406383 0.072896 -0.686303 -0.857480 -0.448940 -1.781486 0.310299 0.783218
 -0.996853 -0.484052 -0.493131 0.628824 0.926120 -0.994463 -0.957505 -1.154926
 -0.423996 -0.962779 -0.919543 1.053096 0.370412 0.360716 -0.861947 0.166208
 -0.746356 0.012600 -0.646707 -1.287160 -0.878883 0.472688 -0.844996 0.443056
 -0.514726 -0.730432 -0.733764 0.151828 0.084617 -0.423639 -0.308266 -1.065593
 -0.503084 -0.008121 -1.080441 0.428202 -0.845626 -2.144232 1.557345 0.585794
 -0.862617 -1.021311 0.199053 0.303315 0.558469 0.942426 0.883203 0.544095
 -0.020106 -0.243453 -0.839577 -0.419346 -0.782699 -1.577532 -0.244222 -1.746828
 -0.003660 -0.813552 -0.423306 -0.929567 0.197721 -0.669266 0.056877 0.384804
 0.109413 0.046900 -0.361188 0.537641 0.016550 0.159478 0.108006 0.711205
 -0.778454 0.028807 -0.687784 -0.992905 -2.299567 -2.090267 1.788150 1.597692
 -0.656336 -0.135814 0.046110 0.744339 -0.084149 -2.053064 -0.792919 -0.492416
 -0.539375 0.070854 -0.266155 -0.702490 -0.378983 -1.288135 -0.973912 2.122785
 -0.283465 0.072208 -0.904540 0.606114 2.191346 -0.211707 -1.857915 0.323305
 -1.075627 -0.279831 -0.267436 -0.540588 -0.433828 0.186996 0.059683 -0.152251
 -0.114419 -0.595146 0.066185 -1.914045 0.192074 1.003013 0.680591 1.046120
 -0.031375 -0.561671 -0.289535 -0.295567 -0.659703 -2.492142 -0.605743 -1.763990
 -1.041612 -0.822527 -0.713518 1.409555 -0.431931 0.198247 -0.965033 -0.552092
 0.135238 -0.818038 -0.425508 -0.344361 0.146090 1.192648 0.265405 0.299855
 -0.303529 -0.371031 -1.008793 -0.572058 -0.781484 -0.738246 0.941470 0.598406
 -0.357735 -0.922567 -0.537508 -1.317266 -1.009594 -1.024146 0.717539 -0.378158
 -0.722100 -0.791874 -0.722809 -1.006393 0.816777 1.434813 -0.925093 1.216130
 -0.940947 -0.989241 -1.060688 1.350032 -0.583300 -0.233643 -0.502821 0.559124
 -0.533839 -0.471792 -0.977402 -0.717402 0.113378 -0.445667 -1.482181 -2.598238
 -0.983145 -0.939323 -0.280238 -0.647865 -0.871703 -0.343100 1.397022 -0.748790
 -0.137409 -0.814308 -0.951203 -0.557242 0.972098 -0.184758 -1.054331 -0.005061
 -0.152475 -0.974089 -0.749304 -0.757404 1.068791 1.223896 -0.002557 -0.018100
 -0.963009 -1.025056 -0.856471 0.738014 0.707505 -0.467643 1.056065 1.986450
 -0.285644 -0.912060 0.095882 0.911592 -1.656167 1.336000 -0.093293 0.162797
 -0.859828 -0.291736 -0.749530 -0.652989 -1.417994 -2.245005 0.329369 -0.589241
 -0.799938 -0.967624 -0.937053 -0.693299 -1.509946 -0.446025 1.558203 -0.343817
 -0.379675 -0.819504 -0.700036 0.106413 -0.237724 -0.871029 0.237276 -3.214265
 0.100906 -0.607463 0.132554 1.417727 1.144420 0.254414 -0.115725 -1.704478
 -1.088777 -0.209859 -1.084316 -0.933719 0.746340 -0.457964 -0.545240 1.660908
 -0.994178 -0.307500 -0.344635 1.470216 0.108888 1.074904 1.113291 0.145401
 0.030792 -0.742063 -0.714445 -1.702264 0.257998 2.191534 0.835430 -1.218619
 -0.143896 -0.788412 -0.892556 -0.328641 -1.184872 -0.731997 0.837156 -1.452052
 -0.571776 -0.052004 -0.716625 -0.262641 0.517405 1.447396 1.022939 0.133950
 0.111568 -0.030580 -0.807345 1.017825 0.749665 1.129691 -0.056411 0.721185
 -0.305899 -0.186697 -0.085777 -0.476631 0.999418 0.203286 1.405727 -1.355057
 -0.522077 -0.632335 -0.404773 0.013546 -0.903453 0.733899 2.559517 -0.570236
 -0.209121 0.168169 -0.293887 -0.226448 -1.575561 -0.676012 0.478053 -0.602666
 0.047952 -1.074374 -0.823456 2.118236 -0.301264 -0.375338 1.387633 -0.455480
 -0.702030 -0.412026 -0.744021 -0.117427 -0.812847 1.478684 1.593522 0.693136
 0.108029 -0.901029 -0.561931 -1.189060 1.563684 0.317773 0.383419 -0.171129
 -0.548744 -0.405918 -0.776502 1.620510 -0.040669 -2.237222 -0.035411 -0.503304
 -1.082373 -0.348158 -0.930109 1.113061 -0.249841 0.354556 0.669729 2.140884
 -1.059424 -0.584828 -0.635273 0.085659 -0.493905 0.745558 -0.581936 -0.248973
 -0.099688 -0.329684 -0.545080 2.053399 -0.157923 0.849604 -0.668472 -0.481042
 -0.162702 -1.075867 -0.385629 -0.024154 -1.458101 -0.065720 -0.281491 1.527294
 -0.049616 -1.023486 -0.942422 -0.236255 1.191364 -1.330277 -1.232426 1.649555
 -0.803499 -0.346606 -0.924862 -0.424695 0.646356 0.221897 -1.146493 -1.547238
 -0.553362 -0.816432 -0.468953 1.376456 0.282243 -0.250522 0.118430 0.225407
 -0.330771 -0.359623 -0.150089 0.421675 -2.215925 -0.303911 2.527775 -0.733804
 -0.312021 -0.542928 -1.012751 -0.197559 -0.027304 0.245796 -0.886342 0.741664
 -1.071834 -0.725989 -0.999446 2.100413 -0.048129 -0.307218 1.152262 -0.346133
 0.078730 -0.243240 -0.178691 -1.565650 -0.471261 0.771932 1.305553 -1.547112
 -0.838348 -0.753948 -0.170747 -0.194136 -0.969394 0.668790 -0.738119 0.025432
 -0.953846 0.160985 -0.490475 -0.366725 1.810414 0.381464 -0.329870 1.460660
 -0.526462 0.129620 -0.208938 -0.479899 -0.495802 0.026302 -0.858125 -0.253797
 -0.724541 -1.027488 -0.495696 0.131225 -0.388578 0.120492 1.049337 2.163086
 -1.057933 -0.874665 -0.179507 -0.709800 0.191562 -0.576317 -0.180266 -0.006895
 -0.079330 -0.632717 -0.098433 2.064631 -0.743941 -1.076344 1.047064 -0.518208
 0.189771 -0.460415 -0.811743 -0.895488 0.759586 -0.173275 1.745323 0.510074
 -0.307699 -0.252393 -0.886949 0.262190 -1.083124 -0.327218 0.521760 0.413677
 -0.413111 -0.432782 -1.077341 0.292202 -0.709906 0.206374 -0.317434 0.601710
 -0.349946 -0.319903 -0.857798 -1.779926 -0.258932 -1.823898 -1.377615 0.188861
 -0.175119 -0.905024 -0.452030 -1.854105 -1.652599 -0.158280 -0.838834 1.219401
 -0.585533 -1.092441 -0.295803 -1.215729 -0.737425 0.537075 0.409718 0.778401
 -1.083566 -0.231105 -0.934982 1.698815 0.044610 1.054680 -0.349779 1.459326
 -0.760612 -0.484491 -0.132221 0.082700 0.674342 0.726794 1.160684 -0.302259
 0.087915 0.118682 0.095182 1.066530 -1.388528 -0.144667 0.273489 0.963427
 -0.396425 0.134643 -0.520730 0.578146 -1.994081 -1.081342 1.811012 -0.513740
 0.116708 -0.929801 -0.637532 0.104959 0.719109 1.424067 -0.583901 -2.046490
 -0.166516 -0.393644 -0.505556 -0.430022 -0.188380 0.289354 -0.799249 1.169877
 -0.699332 -0.333641 -0.223861 1.761730 -0.359526 0.450952 -0.091010 1.520518
 -0.255375 0.166701 -0.853224 -0.454655 0.260056 0.340512 -0.343484 -0.351944
 -0.042096 0.187142 -1.024400 0.004443 -0.193747 0.971687 -0.799215 1.463031
 -0.000232 -0.138916 -0.903319 0.463244 1.059159 -1.434603 -2.599969 -0.645919
 0.184770 -0.184650 -0.145770 -1.145964 -0.970683 0.232812 0.186940 0.299297
 -1.038697 -0.021946 -0.855391 0.316240 -1.953681 0.303554 1.090042 -1.198241
 0.106874 -0.256703 0.051247 0.457153 -0.199206 -0.967172 -0.580990 0.161087
 -0.379718 0.104061 -0.539595 0.854413 1.294824 -0.351240 0.755955 -1.082104
 -0.109912 -0.817348 0.136031 0.291299 2.248158 0.315355 -0.795101 0.057462
 -0.458400 0.187529 -0.535521 -1.099380 -0.342445 0.996593 -1.107162 1.116014
 -0.502537 -0.577015 -0.857433 1.019346 0.071187 0.227690 1.065651 0.011320
 -0.296652 -0.218369 -0.087785 3.289345 -0.322355 0.861275 0.207840 -0.615028
 -0.237688 -0.751397 -0.840327 0.102354 -3.553670 -0.343829 2.102819 -0.204391
 0.019707 -0.444654 -0.671228 -0.522706 -0.721398 0.166843 0.655991 -1.129795
 -0.729425 -0.218756 -0.641230 2.439148 -0.426008 -1.346931 -1.353319 1.891619
 -0.209644 -0.532759 0.119147 0.499090 -2.016125 -2.054310 -0.651539 -0.498896
 0.178208 -1.066541 -0.436170 1.054972 -0.429994 -0.484150 -1.628452 -0.754549
 -0.559369 -0.392184 -1.045526 -1.865143 0.489716 -1.234023 2.146054 -4.271279
 -1.014672 0.074577 -0.578138 -1.179699 0.069601 -0.499698 0.866022 -1.669383
 -0.616572 -1.076023 -0.005398 1.317784 -0.809127 -0.939790 -0.214748 -0.175736
 -0.642653 -0.228164 -0.704982 -1.027540 0.736952 0.726898 -2.054644 -0.606070
 -0.814446 -0.184129 -0.422700 -0.622648 -0.065251 -1.462973 0.123175 1.437887
 -0.791325 -0.686466 -0.398917 1.232778 -1.113065 0.433439 -1.010482 -1.263327
 -0.910965 0.001080 0.005603 0.817558 1.191656 0.671241 -0.680981 -0.750056
 -1.082942 -0.433524 -0.297225 1.556167 0.380765 -1.085463 -1.072813 2.009851
 -0.507345 -1.067419 -1.072307 1.167420 -2.207183 0.558638 -1.186008 0.216932
 -0.130014 0.181250 0.058631 0.449799 1.663473 1.637786 1.400728 0.819922
 0.071401 -0.606680 -0.287256 1.928871 1.269440 0.758962 -0.220042 1.818213
 -0.928235 0.053024 -0.362992 2.106028 0.135832 -0.464880 -1.099477 -1.556926
 0.013143 -0.875175 -0.355528 0.081848 0.299434 -0.019821 -1.096562 -0.327937
 0.149473 -0.648729 -0.672472 0.850174 0.992888 -0.941971 -0.783289 1.011353
 -0.770815 -0.593400 -0.438632 -0.900164 0.690965 -0.332509 0.605377 -0.368211
 -0.126895 -0.266850 -0.601303 -1.514906 -0.571002 -1.186515 -1.677234 -0.523718
 -0.901400 -0.400028 -0.165982 1.161014 -0.405156 1.005997 -1.483774 -1.148260
 -0.969625 -0.143418 -0.161304 0.978173 0.619512 -0.077782 0.056228 0.485842
 -0.770644 -0.337471 -1.081709 0.336709 -0.705921 0.473713 -0.794473 0.107724
 -0.072500 0.069245 -0.401393 0.218291 -0.672677 0.294532 0.026178 -0.428059
 -0.723542 -0.910537 -0.675164 0.644123 1.184019 0.293899 0.882168 1.573103
 -0.304085 -0.417899 -0.632105 -0.555551 0.706346 0.339765 -0.141526 -1.501071
 0.035762 0.181207 -0.283663 -0.522496 -0.717023 0.086277 1.099172 0.799170
 -0.097466 -0.978346 -0.808924 0.355509 1.191222 -0.520099 -1.828400 -0.474004
 0.073546 0.056120 -0.595470 -0.134749 0.120497 -1.961617 -1.487897 -0.092415
 0.126818 0.090498 -0.674926 -0.229580 -0.478850 -0.504067 0.932113 -2.185347
 -0.585505 -0.384162 -0.474596 1.610966 0.352629 0.540111 1.758375 0.140027
 -0.164416 -0.655201 -0.989869 0.275238 -0.420706 0.779072 1.183973 -0.505166
 -0.752323 0.129589 -0.427889 -0.391198 -0.470372 -1.180800 -0.474215 -0.599406
 -0.256020 -0.417513 -0.469006 -1.422738 -0.543876 0.815895 0.148751 -0.340611
 -0.802698 -0.632455 -0.653947 0.188305 -0.142405 1.427151 0.425265 0.789071
 -0.261022 -0.020418 -0.611982 1.396221 0.112700 1.018102 -0.213078 0.113925
 -0.185244 -0.080540 -0.260681 0.027962 1.611066 0.983804 1.395071 1.250785
 -0.863294 -0.383687 -0.623067 2.099236 0.340205 0.643873 1.114024 -0.056254
 -1.089118 -0.714317 -1.081398 -0.791972 -0.254081 -0.084425 0.103058 0.750351
 -0.772039 -0.798928 -0.014286 -0.155258 -0.805008 -0.028808 -0.623082 -1.481827
 0.034150 -0.418941 -0.183776 0.351047 0.501971 -0.719619 -0.806577 -0.299698
 -0.637588 -0.722795 -0.122510 0.802096 -0.933969 0.001060 0.088525 0.636984
 -0.363185 -0.158815 -0.637395 0.100295 0.354720 1.364874 0.677991 1.615916
 -0.702736 -0.632949 -1.001326 -1.558021 0.441812 0.319621 -0.409076 1.112213
 0.083042 -0.992680 -0.146207 -0.493716 -1.484720 0.128756 -1.252449 -0.114220
 -0.718318 -0.552333 -0.549609 -0.036258 -0.529718 -2.124993 0.447038 1.009113
 -1.077588 -0.131159 -0.706021 -0.140184 -1.901025 0.019211 0.251916 0.651205
 -0.904031 -0.869250 -0.976775 -0.134954 0.939506 1.125524 0.915535 -0.519691
 -0.996309 -0.660751 -0.501130 -1.098084 -0.957758 -1.319395 1.093036 -1.276032
 -0.413647 -0.828265 -0.343536 0.887216 -0.638833 -0.248079 -0.388220 -0.278596
