1024 3
-0.850820 -0.213014 0.259342
-0.927770 -0.249163 0.094031
-0.340411 0.232346 1.025796
0.371437 -0.688645 0.503102
-1.105675 -0.316837 1.147549
-0.213096 -0.370090 1.175924
-0.310217 -1.165528 -0.529576
0.796548 -0.281858 0.652733
-1.232334 0.078323 -0.779069
0.947952 -0.598696 -0.589893
0.657678 -0.913179 -0.258914
-0.918036 -1.203170 0.618767
-0.568748 -0.037771 1.481675
-1.085504 0.111557 0.558252
-0.393748 -0.236501 -0.446527
-0.480048 -0.509700 1.213893
0.268511 -0.848235 -0.369672
0.433807 -1.220750 1.377392
-0.880865 0.224483 1.223633
0.617186 1.002212 0.378193
0.672298 -0.568245 0.024558
-0.215962 -0.874239 -0.681190
0.046829 -0.004313 0.120229
0.298577 -0.733850 1.397898
0.602124 0.864594 -0.655164
0.918813 -0.636109 -0.025681
-0.615174 -0.269063 -0.597256
0.217036 0.776755 1.182043
0.509380 0.150784 0.232544
-0.318464 -0.381438 1.171686
-1.133540 0.953883 0.054672
-0.834793 -0.662587 0.412618
0.482487 -1.183823 -0.172596
-0.619486 -1.109325 0.040597
-0.183246 -1.053694 -0.777695
-0.245488 -1.168198 -0.241791
-1.013305 -0.740555 0.173506
-0.975711 -0.954297 -0.158089
0.423073 -0.835131 1.482252
-0.161085 1.028035 -0.121850
-0.202472 -0.357005 -0.278136
0.861497 -1.282562 -0.334615
0.049563 0.263813 1.119558
-0.253579 0.688416 0.019489
-1.209865 0.358511 -0.030608
-0.606667 -1.137809 0.870424
-0.924486 -0.645596 -0.649194
-0.603889 -0.137708 0.693852
-0.776169 -0.291698 -0.742208
-0.085570 1.075006 1.472869
-0.035865 -0.513859 -0.455644
-1.248667 -1.089977 0.823319
-0.782170 1.008740 -0.473634
0.770311 -0.952296 -0.212947
0.456376 -0.234220 1.024366
-0.070746 0.225986 1.486520
-0.208499 -0.476859 1.378042
0.288688 -0.333491 -0.444277
-0.347141 0.202756 0.791324
0.477536 -0.471296 -0.115481
0.310150 0.065742 -0.787799
-0.823422 0.854131 0.966948
-0.534269 0.838475 1.426185
0.557543 -0.811850 -0.897992
-1.118364 -0.116998 0.432234
0.365910 -0.050295 0.248339
0.829925 0.895877 0.209670
-1.201261 -0.517516 0.256019
-0.564606 -1.193462 -0.619669
-0.844789 -1.168140 -0.130267
-0.760945 0.724227 -0.233851
-1.229251 -0.350607 -0.263737
1.041798 -1.015708 -0.798476
-0.318406 -0.831365 -0.414609
0.051160 -0.820631 1.496628
0.656724 -0.802840 -0.795926
-0.037731 -0.532006 1.357381
0.388864 0.087606 0.029409
1.022498 0.427433 0.915350
-0.891516 0.592888 0.204669
-0.111137 0.716770 -0.286098
0.185961 0.153466 -0.190072
-0.277377 -1.273795 0.336300
-0.938443 0.443304 1.007136
0.011413 -1.016982 0.004239
1.085633 -1.193835 0.005865
-0.702892 -0.617608 0.196316
0.272405 -0.600566 0.767065
0.104597 0.215556 0.594436
-0.201896 1.027532 -0.442309
0.475323 0.750748 -0.629964
-0.778513 0.949812 -0.824587
-0.666750 0.015320 0.319781
-0.410241 -1.078203 0.765478
-0.996175 -0.051139 -0.833256
0.604808 -0.116224 -0.707017
0.024915 -1.112584 -0.045291
-0.550814 0.531867 0.686106
-1.297249 -0.372683 1.097714
0.328784 -0.405368 1.082533
-0.182423 0.988979 -0.741155
-0.786830 0.537249 1.473312
-0.479585 0.869481 0.227588
1.017740 0.906226 0.592955
0.908876 0.153545 0.925770
0.904102 -0.074448 -0.006795
0.124928 0.780096 -0.458319
-0.951030 -0.825315 0.943748
-0.736984 0.338188 1.357428
-1.290116 -0.208024 1.322924
-0.246546 0.380307 0.617101
0.264110 -0.273024 -0.328016
-0.579599 1.018467 1.377862
0.907965 -1.269537 1.487385
-0.659663 0.941263 0.375702
0.001857 -0.315606 0.144916
0.970054 0.333184 0.164252
-0.150458 0.935367 0.411174
0.024364 -1.068176 0.161585
-0.344835 -0.114961 0.114983
0.510377 -0.300650 0.538930
-0.938687 0.073691 0.200625
-0.226451 0.068307 -0.003217
-0.228074 0.455043 1.316757
-0.083841 -0.276932 1.044631
0.709991 -0.548473 1.224252
-0.172347 -0.100607 -0.367293
-0.654664 -0.080134 1.136045
0.610749 -0.218485 1.128870
-0.513211 -1.045287 0.612742
-1.276205 -0.774250 0.634113
0.334606 -0.275155 0.428582
-0.855582 -0.071515 1.049315
0.711261 0.433166 1.364571
0.552371 -0.429005 1.350097
-0.970899 0.471254 1.186432
0.064511 0.340189 1.354710
0.715649 0.619318 0.517088
0.385990 -0.839038 -0.463126
-0.964934 -0.127533 -0.809921
0.186183 -0.514210 0.049549
-0.455304 0.401267 0.032393
0.581934 -1.121803 -0.222921
1.054859 1.052417 0.072587
-0.844689 0.737180 -0.111061
-0.494719 0.885311 1.288287
0.225954 1.070978 -0.696846
0.156668 0.316754 1.429702
0.903025 -0.701457 -0.568718
0.711191 -0.145089 0.435263
0.141665 0.200941 0.607156
-0.719617 1.074103 0.996877
0.122183 0.387326 0.388151
-0.191943 0.123732 0.890520
0.946875 -0.413831 0.511270
0.389068 -0.536135 0.974730
-0.414941 -0.177243 0.266326
-0.081125 0.967278 1.035646
-0.382335 -0.780889 0.121761
-0.965955 0.465725 -0.214288
0.213317 -0.661310 1.422943
-0.634634 -0.518016 0.468766
-0.903778 -1.129480 -0.390352
-0.402571 -0.074927 0.120910
-0.754353 0.200707 1.499676
-1.076053 0.059295 0.687671
-0.200980 -0.558833 0.156584
-0.095724 -0.369251 0.993933
0.541904 0.358254 -0.878524
-1.078031 -1.052684 -0.376586
-0.077759 -0.514929 1.428075
-0.766512 -0.340105 -0.686830
-0.973733 0.238936 -0.115366
0.611535 0.053087 0.488402
-0.723614 0.012587 -0.840672
1.026640 -0.521525 0.848777
0.439823 -1.223846 1.134321
-0.683252 0.066783 0.883743
0.910809 -0.954001 1.426611
-0.813782 0.958934 -0.722730
-1.009458 0.305743 -0.270504
-1.257421 -1.169414 1.022246
0.511178 -0.902218 0.608868
-1.192619 1.013139 1.426842
-0.178869 -0.759202 1.380409
-0.533999 -0.814063 0.100716
0.259905 -1.034436 0.183399
0.062778 -0.391598 1.272344
-0.709199 -0.885031 -0.824959
-0.615664 -1.213604 0.359869
-0.823517 0.379237 0.843985
-0.104350 -0.464850 0.839159
-0.851157 0.909497 0.017106
0.263533 0.611955 0.396322
0.563017 -0.665638 0.053959
0.035964 -0.841110 0.314549
-0.311376 -0.754553 0.990478
0.611195 -0.378374 0.855730
0.446191 0.983173 1.217640
-0.140417 0.322451 -0.181956
-0.142877 -0.015537 0.553857
-0.915231 0.301296 -0.567649
-0.506759 0.234055 -0.375108
-0.626678 0.677712 1.463026
0.667498 -0.878314 0.665726
0.913161 -0.523809 -0.336582
0.913768 -0.052694 -0.521045
-1.212788 -1.180028 0.733547
0.202796 -0.702722 0.035135
0.718721 0.942700 0.825980
-0.912973 0.140358 1.134145
0.525682 -0.341943 0.513164
1.044509 0.180533 0.470940
0.076355 -0.340421 1.141082
0.727946 -0.888173 0.419853
0.008418 0.164206 0.892561
-0.825062 -1.206049 -0.730956
0.352564 -0.791827 0.018816
-1.091274 -1.129351 -0.250121
-0.662440 -1.223720 1.357992
-1.250228 0.583098 -0.786243
0.848191 -0.816656 -0.834876
0.351227 0.899295 -0.600127
-0.983900 -0.314133 -0.152571
-0.625463 -0.645341 1.313999
0.841602 -0.437810 1.198838
-1.122911 -0.681807 -0.397498
-0.230717 1.072025 0.111271
0.012410 0.351871 0.953795
0.913127 0.161042 0.012088
0.487446 0.866483 -0.711120
0.292458 -0.963940 1.313700
-0.315638 -0.837596 0.632744
0.967538 0.756096 1.276594
0.393764 -0.569080 -0.275253
-0.997202 -0.208680 -0.386914
-0.126316 0.333201 -0.438717
1.017753 -0.999446 -0.030448
0.048096 -0.473345 0.587945
-0.556883 -1.278676 0.162553
0.364272 -0.763828 0.566496
-1.203319 0.364555 -0.301861
0.431522 -1.005661 0.293866
-0.641999 -0.413331 1.419436
-0.056058 -0.073830 -0.538257
-1.110731 0.219275 0.664243
-0.675691 0.535815 0.075159
0.817718 0.877684 0.874958
0.792078 -0.141563 0.636625
0.103173 -1.294017 0.773283
0.971423 -0.616507 0.698031
1.051987 -0.735888 0.120427
0.769666 -0.943824 -0.851113
-0.213164 -0.621269 0.935292
1.048095 0.552995 0.394214
-1.042769 -0.059894 0.068164
-0.767949 -0.431281 -0.393399
0.764943 1.009432 -0.840151
0.046796 -1.230966 0.455006
0.392580 -0.561208 -0.310410
-1.245532 0.088305 -0.790580
-0.116544 -1.155310 0.167928
-0.483814 -1.100045 -0.436111
-0.367211 -1.083000 0.963834
-1.153550 1.024554 -0.836977
0.735720 0.125558 1.192002
-0.409518 0.188074 0.650675
-0.802992 0.570809 -0.438696
0.237748 0.312791 0.405487
-0.547600 -0.608214 0.089861
0.677686 -1.120128 1.412572
1.021758 -1.097691 0.166469
-0.064939 -0.757817 0.511083
0.974009 0.106631 1.459489
0.840297 -0.071431 0.371024
-0.982866 0.499266 1.101853
-1.247942 0.666311 0.016727
-0.987378 -0.727951 0.436142
-0.783201 -0.413562 -0.291626
0.250742 -1.179840 0.220513
0.867388 0.209184 -0.818606
0.471593 0.857098 -0.283002
0.133394 -0.938850 1.305554
0.227761 -0.997927 1.025188
0.195109 -0.819404 -0.639853
0.700783 1.023222 0.909523
0.991748 0.416890 1.370601
0.368640 0.756043 0.307614
0.924798 -0.824519 -0.634375
0.434433 -0.892792 0.692325
-0.924479 0.766425 -0.853183
0.814692 -0.668851 1.241240
-0.478748 0.047500 -0.598406
1.000648 -0.936353 -0.217626
-1.246906 -1.052941 1.102430
-0.324552 -0.495437 0.011111
0.028275 -0.961814 1.178479
0.275046 0.083265 -0.025156
0.634922 0.860588 -0.193119
0.130892 0.325437 -0.824705
-0.822633 -1.062639 -0.197192
0.354956 -0.027519 -0.429167
-0.250746 0.688052 0.879802
-0.922948 -0.309642 -0.822495
-1.168370 0.995178 -0.881526
-1.179067 -0.837235 -0.045084
0.786123 -0.163490 0.874543
0.950442 -0.378066 0.787786
-0.991472 -0.132746 -0.083478
0.228181 0.572712 1.160999
0.800052 -1.234052 -0.546010
-0.233473 -1.039652 -0.332496
-0.967629 0.203394 -0.699287
0.104148 -0.023155 0.987926
0.685758 0.344446 -0.042877
-0.468385 -0.466151 -0.011367
-0.659613 0.666792 0.833327
0.527525 -0.978039 -0.776764
-0.047305 -0.946448 -0.889547
-0.411982 -1.260160 0.934142
-0.577221 -0.470906 -0.558655
-1.089980 -0.998873 -0.536895
0.607849 0.379288 0.323294
0.273214 -0.477682 1.383448
0.921816 0.354933 0.050638
-1.230921 -0.314562 1.104435
-0.827159 0.454086 -0.458142
0.984870 0.088243 0.678537
-0.214562 -1.083384 1.344911
-0.943833 -0.801520 0.372321
-0.830890 -0.683500 -0.572540
0.922206 -0.408149 0.043255
0.206576 -0.035958 -0.092307
-0.395439 -0.017642 -0.378191
-1.112763 0.508735 0.959056
1.080285 -1.221785 -0.361404
-0.686738 0.632032 1.317891
0.848180 -0.999039 1.423950
-0.596069 -0.611696 -0.009438
-0.631098 -0.974385 0.396361
0.355020 -0.181761 0.792467
-0.513682 0.437770 0.878821
0.537050 -1.165608 0.816884
-0.494461 -0.223438 1.149086
-0.205205 -0.136012 1.124239
-0.971484 0.266457 -0.845486
-0.345604 -0.145782 0.334678
-1.107560 0.308493 0.873941
0.816770 0.957051 1.084080
-1.209460 0.490159 -0.530469
-0.037855 -0.961017 -0.065956
-1.186980 0.130004 0.380594
-0.744315 -0.427534 0.896208
0.436524 -0.095805 0.195559
-0.647660 0.082363 -0.166460
0.732035 0.167235 0.897238
-0.068950 0.837325 -0.564609
0.809026 0.530942 1.298560
0.808498 0.675183 -0.687163
-1.044514 -0.946462 0.664987
0.513451 0.870345 -0.405711
0.755481 0.515774 -0.126685
-1.275601 0.702028 1.340403
0.392130 -0.755412 0.129060
-0.530398 -0.272413 -0.578712
0.195140 -0.874139 1.118061
0.175700 -0.828616 0.340453
-0.248906 0.948852 0.215296
-0.815239 0.909198 1.017164
0.355424 0.794169 -0.858618
-0.912132 -0.131906 0.020784
0.909212 0.026934 0.411855
-0.119335 0.156789 -0.728751
0.701547 -0.950165 -0.142653
-0.154681 -1.215985 -0.034320
-0.693809 0.535703 1.476031
0.995739 0.974843 -0.283183
0.135469 0.323919 -0.097720
0.581967 -0.352457 0.904628
0.992128 -0.635662 0.730803
-0.150769 0.086353 1.342889
-0.175216 -0.833860 1.041100
-1.114150 -0.384656 1.415686
-0.180958 0.410680 0.229556
-0.288181 -0.058213 0.785457
-0.185683 0.960284 -0.314667
0.853205 1.009045 0.693403
0.987918 -0.357464 1.112657
1.054372 0.035482 -0.832503
0.126900 -0.956159 -0.138160
-0.006826 -0.662309 -0.188713
-0.154319 -0.548495 -0.524443
-0.894406 -1.141237 0.845258
-1.143247 -0.725908 -0.825011
0.674032 -0.769203 -0.214195
-0.696082 0.057155 0.069710
1.022400 0.387151 0.537858
-0.142033 -0.976270 1.014195
0.956403 -0.383949 0.037483
0.173267 0.331623 0.686864
-0.222929 -0.766289 0.728318
-0.538861 -0.487376 0.970730
-0.072528 0.106419 0.288569
0.901914 0.394687 -0.584050
-1.015266 -0.335297 1.481999
0.704918 -0.709788 1.210453
1.037036 0.474767 0.534382
-1.179743 -0.561619 -0.751101
0.131687 -0.693831 0.213762
-0.221127 0.110192 0.410092
-0.939766 0.758330 -0.392532
0.819762 0.670051 -0.543070
-0.131372 0.980411 -0.813217
-0.813293 0.740719 -0.514997
0.052383 0.011065 -0.651207
-0.868990 0.799406 -0.232166
-0.608094 0.125217 1.368829
0.059502 -0.385444 0.664779
-0.848870 -1.153590 -0.835675
-0.581399 0.860544 0.005877
-0.053969 -0.523563 -0.068185
-1.233336 -0.355935 0.255770
0.831395 -1.142710 0.440652
0.349521 0.421885 1.441344
0.108367 -1.009550 -0.031117
0.301024 1.000295 0.229288
-0.501538 0.189962 -0.118960
0.837899 0.139112 0.055857
-0.562571 0.834810 0.453891
-0.726290 -1.179839 -0.087812
0.910883 -1.292228 1.400973
-0.763069 -0.557274 -0.378644
0.425055 -1.228502 0.396894
0.206850 0.539125 -0.734508
0.947039 0.637620 1.281706
0.670823 -0.693229 -0.888405
0.089157 0.067855 -0.242545
0.550779 0.179971 0.490170
-1.269362 -0.552358 -0.480443
-0.024046 -0.421584 1.141817
0.241644 -0.649204 -0.144179
-0.063708 -1.062914 -0.557148
0.332154 -1.124217 -0.183361
-0.517206 0.352337 0.984707
-0.874641 0.240879 0.494757
-1.047832 -0.641199 1.050521
-0.364419 0.606762 -0.025018
0.036986 0.402260 -0.255027
-0.540492 0.279969 -0.731811
0.804647 0.773950 -0.799643
0.135148 -0.417928 0.826051
0.263889 0.603808 0.881206
0.704779 0.428910 0.579355
0.996359 0.150986 0.918978
0.766260 -0.649468 -0.877419
-0.690056 0.379549 0.445230
-0.566404 -0.398008 0.190154
0.447780 -0.236214 0.104727
-1.070241 -0.561975 -0.528685
1.041635 -1.158858 -0.798172
-0.783434 0.107020 1.432085
0.887891 -0.235768 -0.580333
1.015161 0.372014 -0.867501
-0.536283 -0.519996 0.031577
0.907170 -0.623652 1.245092
-0.561860 0.353572 0.472628
0.130217 -1.239800 0.297076
-1.119500 0.597319 -0.025197
-0.574690 0.727178 0.557472
0.556482 -0.851963 -0.027239
0.065804 0.467804 0.507212
-0.868715 -0.928051 -0.394474
-0.795020 0.434807 1.258222
-0.415319 0.692113 0.755676
0.916149 -1.225863 0.811773
-0.255153 -0.756668 -0.737355
-0.789101 -0.413048 0.950495
0.943823 -0.097386 0.425310
0.377689 0.452005 0.632588
0.472297 0.745265 -0.137758
-0.784987 0.048681 0.834773
-0.844893 -0.338118 0.034602
0.505509 -0.574911 -0.552895
0.465037 -0.344029 0.214158
-1.007746 0.669572 -0.003006
-0.952484 -0.453949 0.618483
-0.762457 0.967102 1.371333
-0.829319 0.488657 0.918672
-0.555693 0.158123 -0.050648
-0.683316 -0.751674 1.393911
0.215837 0.594086 -0.682930
0.195179 -0.239786 1.225695
-0.614518 -0.987942 0.065129
1.006679 0.853871 0.591128
-0.567291 -0.209346 0.762791
-0.340221 -0.601592 1.014339
-0.322514 0.791367 0.686548
0.575161 -0.869604 0.212680
0.066410 0.167248 1.453136
0.810022 -0.857999 0.530322
-0.216927 -0.155718 -0.860116
0.046285 -0.724762 -0.424740
-0.987437 -0.412337 0.588968
-0.876330 -0.014115 -0.712984
0.302521 0.028256 -0.247026
-0.438400 -1.127768 1.392911
-0.736615 1.093885 1.290063
0.954362 0.073817 -0.017437
-1.061617 0.072631 1.255424
-0.145078 -0.011972 -0.866486
0.045505 0.048539 0.189749
-0.908447 0.737003 -0.387758
-0.336659 -0.709710 0.862513
-0.091358 -0.088157 0.706363
-1.297972 0.038736 0.362137
0.291842 1.000873 1.236257
-0.711317 -0.493192 1.298745
-1.043105 -0.634760 0.243618
-0.622865 -0.604737 -0.747442
0.768366 -0.169054 -0.870184
-1.020067 0.008290 0.843764
-0.244970 0.238876 0.887424
-0.045837 -0.299910 1.124287
-0.469965 0.602983 -0.141278
-0.759972 0.018093 1.401714
-0.345362 -0.486296 0.753882
-0.712165 0.629593 -0.655974
-0.806048 0.050371 0.627200
0.544508 0.046220 0.332691
-0.106491 -1.272041 -0.339087
-0.382930 -0.916908 -0.825304
1.060465 -1.242884 -0.635858
-0.635113 -1.122077 0.879254
0.448129 -1.276977 -0.134873
0.397500 -0.725253 -0.008122
0.554324 0.348346 1.016838
0.766222 0.728695 0.636740
-0.104592 -1.016893 0.370704
-0.143687 0.078537 0.617453
0.087571 -1.101337 -0.700519
-1.214189 -0.025480 0.507653
0.256902 -1.001110 -0.845344
-1.136530 -0.982200 -0.393589
0.579487 -0.368992 -0.476432
0.562391 -0.872162 -0.751067
-0.166263 -0.938470 -0.285192
1.039668 0.782618 -0.725631
0.473605 -0.583903 0.085877
-1.013960 0.477023 -0.265874
-1.077663 -1.137574 0.795624
1.074716 0.201461 -0.316823
-0.442676 -1.022066 -0.013971
0.204463 0.422347 0.759099
0.901222 0.625428 1.389076
-1.192933 0.490191 -0.842360
0.717095 0.972156 -0.476234
0.109130 0.778968 -0.837367
-0.170717 -0.104766 -0.586387
0.417669 -0.999976 1.070725
-0.317047 -0.631128 1.241892
0.532192 -1.055020 -0.348758
-0.142987 0.004973 0.536486
-0.385948 -0.448751 1.084893
-0.036055 1.084330 0.357334
0.036854 0.204535 -0.031485
0.234305 -0.215587 -0.711717
-0.548068 0.052493 0.167762
1.051196 0.831138 0.788074
0.489013 -0.156982 1.284159
-0.876373 -0.639745 0.126208
-1.104929 0.246304 -0.729926
0.995944 -0.631164 -0.111807
0.547566 0.957406 -0.114679
-0.969668 0.804657 -0.671906
0.777096 -0.148927 -0.339243
0.198832 -0.367565 0.678241
1.006544 1.020033 0.010881
-0.699731 0.334100 0.175437
-1.015066 0.313173 1.086663
0.980500 0.436328 -0.889507
1.087112 -0.059095 -0.651378
-0.022653 -1.015545 -0.640638
0.958382 -0.613263 -0.318440
-0.082988 -0.599532 1.028313
-1.135315 0.979301 0.976978
-1.149747 -0.684856 -0.579361
-0.993866 -0.846395 0.711938
-0.885724 0.655112 -0.043152
0.409131 1.005542 -0.489987
0.994795 -0.916938 -0.428766
-0.153761 -0.178056 0.410367
-0.247192 0.830959 -0.263354
-0.683092 0.154271 -0.773703
0.787170 -0.233250 1.317995
-1.272465 0.805892 0.237230
0.740878 -0.596161 -0.238000
0.105166 0.731812 0.520491
-0.890349 -0.650664 0.154324
0.937024 -1.289031 0.777349
0.768269 -1.032004 0.228256
-1.291129 -0.024052 0.787671
-0.658046 -0.785927 1.054088
0.661351 -0.834278 -0.279239
0.710254 -0.555781 0.363541
-0.293609 -0.083593 0.530531
0.742946 0.431670 0.186466
-1.225879 -1.029511 1.233337
-0.707317 -0.654149 -0.885387
-0.669150 0.390319 0.331258
1.069754 1.093205 1.131339
0.001236 -0.127239 0.517380
-0.770718 0.138341 -0.157518
-1.118478 0.868599 0.542419
-0.386040 -0.425366 0.125667
0.306144 -0.586375 1.120201
-0.465489 0.469357 -0.781215
0.823587 0.278334 1.004776
-0.934521 -0.850837 0.556330
0.872210 -1.057735 1.489531
0.807867 1.033518 -0.463667
0.294689 -0.361835 -0.387841
0.466495 0.494958 1.084070
-0.025461 -0.318017 -0.159055
-0.827509 -0.116519 0.294418
0.947373 1.025362 0.001267
0.074229 -0.685569 0.496561
0.897123 -1.226297 -0.157798
-0.327091 0.141041 1.416568
0.100654 0.424700 0.621372
-0.624634 0.518118 -0.649493
0.427192 -0.856570 0.828225
-1.231807 -1.043679 1.114870
0.328874 -0.488478 -0.666920
-0.574409 0.092384 0.722205
-1.198996 0.874553 -0.168074
-0.059944 -0.874941 -0.069048
-0.420682 0.793886 0.663315
-0.261136 0.178575 0.321042
1.036786 1.049163 -0.004751
1.063619 0.529809 0.928481
0.631314 0.068262 -0.093977
-0.161848 -0.000071 -0.159651
-0.878707 0.790614 -0.744376
-0.116066 -0.935640 -0.861468
0.362650 0.697691 1.008877
0.176781 0.393927 -0.207655
-0.871636 -0.964531 -0.657207
-1.105011 -0.119223 -0.506471
-0.423931 0.920713 -0.156471
0.964991 1.014055 1.482224
0.799147 -0.904167 0.451434
0.556071 0.878114 0.902719
-0.913476 -0.533513 0.491275
-0.671386 0.792534 -0.351032
1.033254 0.707156 -0.502394
0.240105 0.886977 1.249753
1.079660 -0.729421 -0.193247
-1.254651 -0.408180 -0.638840
-0.111075 0.373912 1.409518
-0.035916 -0.996615 1.065123
-1.242049 1.061410 0.700376
-0.007608 0.165453 0.432479
-0.612317 -0.925960 -0.161388
-0.609718 -0.600230 -0.153544
-0.700717 0.732727 -0.160411
-0.305382 0.501868 0.535860
-0.027478 0.364154 1.285482
0.054686 -0.627663 -0.107878
-0.839494 0.653427 0.302924
0.177102 -0.617074 0.901433
0.868769 -0.589106 0.448755
0.289219 -0.240233 -0.843285
0.825624 -0.626191 0.827605
-1.027058 -1.093060 0.245506
-1.102601 -0.449177 1.232252
-0.471393 0.081916 1.095015
-1.215173 0.883241 0.179824
0.278523 -1.007663 1.143609
-0.045134 0.522157 -0.215458
0.471418 0.941030 0.706181
-0.699597 0.047484 -0.689206
-1.061001 -0.513706 0.415155
-0.795299 0.657339 0.824238
-1.252615 -0.444509 0.217111
-0.314497 0.935805 0.783484
-0.774990 -0.349000 0.897646
-0.055661 0.142278 0.351969
0.483712 0.224634 1.036085
0.490354 -1.251798 0.757256
0.439909 -1.143987 0.949668
0.111795 -0.938439 -0.062564
0.196585 0.067429 -0.296226
0.750087 -0.442763 -0.770189
-0.518336 -0.593711 -0.387783
0.001710 0.685738 -0.807166
-0.165544 -0.427051 0.442758
0.867754 0.414577 0.964036
-0.106004 -0.387667 0.736530
0.005932 0.556184 -0.898414
1.024449 0.148643 0.830291
0.351127 0.424782 1.308755
-0.747114 0.103452 0.809502
0.988515 0.556530 0.817137
0.010118 -1.286854 1.259927
0.836840 0.893546 1.127085
0.288487 0.833613 0.398552
0.761154 0.579502 1.346156
0.209649 -0.544917 0.999597
-0.534901 1.069756 -0.221683
-1.180657 0.457587 -0.219948
0.730815 0.498090 -0.149832
-0.496137 0.991081 -0.557182
0.849358 -1.130294 1.392249
-0.709007 -0.557889 0.891528
-0.808822 0.184572 -0.324225
-0.972381 -1.281771 0.811425
0.137680 -0.012524 -0.539363
-0.216828 0.716485 1.491775
0.318996 -0.526275 -0.010155
-0.875976 -0.512440 -0.427143
-0.618208 1.093403 -0.719126
-0.888587 -0.025675 -0.666275
0.582483 -1.152721 -0.333046
-1.117089 -1.146944 0.116942
0.177689 -0.574216 1.416271
-0.401380 -0.168102 0.437730
-1.005211 0.931886 -0.892443
1.050037 -0.590483 1.262458
-0.294510 0.054718 -0.019351
-1.129005 -0.368585 0.789787
0.036226 -1.122826 0.217830
0.611192 -0.516911 -0.526401
-1.006899 -0.543965 0.622284
-0.505518 1.050942 1.122214
-0.463682 -1.158807 0.227178
0.002097 -1.116052 0.517439
0.015336 0.658824 -0.057474
1.017860 0.695236 -0.796402
0.082809 0.283127 0.481381
-0.675753 -0.115055 0.898713
-0.310378 0.054630 1.321329
0.855907 0.433605 0.960868
0.609575 -1.111544 -0.734454
-0.161591 0.639522 -0.002981
-0.898425 -1.098883 -0.431581
0.976751 0.651120 1.358274
-0.321955 0.069966 -0.685814
0.804825 0.187857 -0.486230
-0.453309 -0.406168 -0.101856
0.641854 0.517773 0.191619
-0.855465 -0.805342 -0.413433
-0.006308 0.580964 0.777377
0.704535 -0.350338 -0.287659
-1.022407 -0.125604 -0.065766
-1.185695 0.471899 0.272904
0.730436 -0.893402 -0.372167
-1.260525 0.449132 0.527625
0.021267 -0.903253 -0.656506
0.517827 -0.757820 0.691912
0.172915 0.431668 0.120271
-0.963304 0.915324 0.639500
-0.436398 0.249570 0.526856
-0.789622 -0.757324 -0.743576
-0.277841 -0.193099 0.709359
0.011586 0.492223 -0.329044
-1.056484 -1.272668 -0.309244
0.963775 -1.195824 0.661973
-0.419942 -0.229451 1.007759
0.745487 0.441164 0.052143
-1.057104 -0.709229 -0.087309
0.811039 0.613957 0.261068
-0.813880 0.048696 -0.363692
0.067277 1.025603 1.446369
0.309682 0.374817 -0.540137
0.188268 -1.145199 0.890980
-0.559133 0.429554 -0.432204
0.099278 -0.971927 -0.198444
-0.501576 0.800189 -0.542291
0.269796 0.327019 0.677371
-0.338363 1.017070 -0.501955
-1.144611 0.942462 0.335680
1.035037 -0.539515 1.057800
-0.627391 1.015865 -0.435588
-0.353383 0.426517 1.150978
0.376061 0.408829 1.293086
-1.137731 -1.070569 -0.598389
-0.593944 -0.370800 0.017740
0.163979 -0.737990 1.223840
0.088190 -1.045091 -0.575480
-0.501512 1.053283 -0.369255
-0.960561 0.417900 -0.383704
0.150627 0.400567 1.033784
-0.340867 0.901654 1.406531
0.375544 -0.715690 0.468579
-0.365749 -1.109723 -0.592933
-0.093520 0.508319 1.276089
0.586839 0.664232 -0.380329
-0.028804 0.927009 0.998191
0.850066 1.079187 -0.043573
-0.238929 -0.421619 0.599616
0.228105 0.775570 0.954659
0.078334 -0.467219 1.027099
-0.256032 1.093708 1.181247
0.039112 0.021640 -0.270612
0.113576 -0.861660 0.943228
0.157216 -0.393060 0.630338
-1.055593 -1.066305 0.166444
0.728043 0.265806 0.043683
0.522228 0.233956 -0.148650
0.964686 -0.795117 0.159704
0.394317 0.998847 1.335455
0.113463 -0.491443 0.279729
-0.229517 -1.255895 0.352150
-0.418184 -0.147987 0.854513
1.017514 1.043596 -0.898440
-0.048612 0.092035 0.631199
0.106144 -1.264618 -0.069542
0.916416 -1.052788 -0.502946
-0.306823 0.924376 -0.633337
-0.643815 0.058189 -0.812528
0.193331 -0.790386 -0.314863
-0.993369 -0.931183 0.697253
0.876439 -0.728811 -0.486921
0.895047 0.294841 0.990109
-0.133606 0.958158 1.217886
-1.264810 -0.402301 0.344188
0.274039 -1.194698 1.302339
-0.066587 -0.523095 0.899122
-1.260101 -0.730026 -0.371311
0.164699 -0.292456 1.239146
-0.006291 0.951054 1.496841
0.757917 0.947020 1.417918
0.540876 -0.185634 1.402242
-0.673207 -0.664665 0.221679
0.742013 0.907956 0.885847
0.638626 -0.004249 0.577934
0.803091 -0.617109 -0.652528
-0.633219 -0.587453 0.147369
-0.742670 0.098650 0.339428
-0.270245 0.138368 0.839836
-0.754218 -1.196183 -0.853120
0.450692 1.003978 1.243127
-1.133859 -0.005515 1.181934
0.812077 -0.652623 -0.658559
-1.171215 0.912305 0.864479
-0.445751 -0.022506 -0.400979
0.871874 1.074045 -0.539357
-1.102575 0.955539 0.487437
-0.106000 1.091445 -0.421638
0.977760 -1.089910 1.299379
-1.226637 -0.645079 0.592700
-0.136758 0.799868 0.694888
0.468189 1.036315 0.236610
-0.324528 -0.671542 0.346729
0.787328 -0.719561 0.155997
-0.738535 -1.264742 -0.794176
0.319014 -0.956611 -0.317131
0.268830 -1.121189 1.001657
0.142969 -0.378127 0.910468
-0.278030 -1.077465 1.424643
-1.290161 0.392063 1.237488
1.010834 0.116232 1.283109
-0.690399 -0.799467 1.190133
1.055136 -0.028685 0.819340
-0.951223 -0.406917 -0.636900
1.021798 0.233053 0.066551
0.321479 -1.282398 1.156776
-0.657066 1.028864 0.091206
0.306837 -0.048282 -0.868626
-0.660875 -0.219215 -0.540085
0.691028 -0.676444 1.154885
0.037296 -0.965458 -0.648837
0.162537 -0.824958 0.606810
-0.196156 -0.470460 1.440174
0.652067 -0.452281 0.007727
-0.894852 0.886168 -0.608104
0.115923 -0.148965 -0.148467
0.712517 0.378654 -0.016694
-0.263672 -1.059155 0.632496
0.161599 0.256762 1.183885
-1.077189 -0.145339 -0.645694
0.355587 0.416246 0.914044
0.943107 0.589142 -0.169408
-1.025108 0.183278 1.045601
0.051452 0.282314 0.206115
-0.056596 -0.391632 -0.843719
-0.713293 1.025412 0.952502
-0.536682 -0.168253 0.254230
-1.137989 -1.242281 0.189634
0.191620 0.126024 0.480500
0.805040 -0.717328 -0.508289
0.462368 0.600979 -0.404682
0.542642 -0.069939 1.459853
0.221949 -1.237435 0.295786
0.850441 -0.967709 0.831535
1.025318 0.518798 -0.188961
1.040913 0.921740 -0.325423
-0.843714 -1.101744 -0.472344
0.858929 0.700249 1.465849
-1.084825 0.801881 -0.573041
0.412800 -0.058846 1.373289
0.282150 -0.789617 0.130268
0.136403 -0.461289 1.373161
0.563774 -0.599519 0.466479
0.107804 -0.385870 0.826133
0.614944 0.331056 -0.692578
-0.465382 0.364360 -0.277642
0.156321 -0.023461 0.807103
1.019510 -1.121680 -0.558230
1.050533 -0.219535 0.096154
0.381227 0.170925 -0.053157
-0.736111 -0.148650 -0.590947
0.805064 -0.037758 -0.627800
0.624015 0.958717 1.358682
0.754982 -0.224816 1.132911
-1.057738 -0.580632 1.289532
0.846363 -0.937980 1.095955
-0.286322 -0.196395 0.264705
-1.059050 0.837292 0.194498
-1.158960 -0.509337 0.977073
0.349097 -1.122793 -0.537362
1.088256 -0.633573 -0.319427
-1.235562 -0.467535 0.462002
-0.671613 0.647511 1.494608
0.389411 -0.619094 -0.025270
0.614609 -1.072426 0.097735
-0.703576 0.225003 0.697155
-0.884694 -0.655348 -0.661199
-1.239057 0.528205 1.298793
0.316048 -1.149128 1.376951
-0.350952 -1.231305 1.134645
-0.311589 -0.459208 0.743735
0.138465 -0.480145 -0.046848
0.796620 -0.180461 0.226262
0.902124 -1.074321 0.663138
0.785547 -0.324188 -0.539870
-0.192363 -0.897206 1.318432
-0.727331 -0.673637 0.880973
-0.088407 0.585078 0.320597
-0.887972 0.650816 0.174564
0.708424 0.027362 0.582129
-0.144814 -0.811811 -0.831236
-1.224520 -0.546589 0.255162
0.683346 -0.848356 -0.393487
-0.556065 -0.632838 1.047846
-0.418066 -1.236795 0.569845
-1.130116 -0.436342 1.324010
0.178140 0.449479 -0.856790
-0.493097 0.495853 0.697648
0.125695 -0.208344 0.601103
-1.166279 -0.538385 -0.400025
0.260359 0.407042 -0.048102
-0.916654 0.471967 -0.293723
1.099231 -0.885445 1.356650
0.969334 0.907023 -0.697706
0.336689 0.939030 0.965340
-0.536936 -1.015951 -0.317975
-0.753642 -0.896118 1.462606
-1.073498 -0.365797 -0.426319
0.998018 -0.453293 -0.129351
-0.549560 -0.850309 -0.652056
0.070331 0.957958 0.912290
-0.634456 -0.015905 0.320951
-0.966849 -0.737514 1.385039
-1.067709 -0.770730 1.319335
0.199034 0.337057 1.340311
0.332774 -0.113407 0.507502
0.372420 0.481169 1.465606
-0.279392 0.056006 -0.399625
-0.149096 -0.619397 -0.370599
0.713040 -0.543733 -0.765241
-1.160214 0.737628 0.589846
-0.574259 0.461285 -0.583888
-0.332869 -0.862438 0.364049
-0.855040 0.459894 0.701980
-0.110504 -0.075071 -0.424232
-0.184115 -1.203053 0.264264
-0.258852 0.592074 0.244891
-0.250402 -0.200095 -0.038595
0.933715 -0.692225 0.385379
0.042028 -0.724411 0.040686
-1.248893 -0.462872 -0.512387
1.067789 -0.792826 0.943427
-1.062926 0.974173 -0.208902
-0.827118 0.499563 0.517156
0.013517 0.385382 -0.401394
0.219386 -0.647437 -0.196613
-0.904159 0.129463 0.787750
0.007332 -1.052209 -0.253833
-0.487995 -0.279562 1.412161
-0.531002 0.151663 0.327218
0.782194 0.076271 1.020808
-1.255523 0.797355 -0.675540
-0.815655 0.088213 1.291203
-0.477803 -0.363858 0.472809
-0.265660 0.182339 0.049220
0.918412 1.032979 0.465718
0.369676 -1.117630 0.126210
-0.033244 0.679407 -0.386023
-0.275999 0.858300 1.267596
-0.321855 0.777863 0.894905
0.462470 -0.542178 0.045165
-0.130732 0.750597 0.998995
-1.011262 0.996749 -0.141857
-0.317544 0.055286 1.366876
-0.569657 0.327471 -0.411261
0.281626 -0.968904 -0.459344
0.883015 -0.047004 -0.661693
-0.045139 0.069330 1.248476
-0.127335 -0.054415 0.474082
-0.970594 -0.343433 0.234679
0.912646 0.754282 0.492895
0.504075 -1.024539 1.177600
-0.443917 -0.293266 1.321654
-0.987956 0.843423 1.336163
0.151608 0.385277 0.516190
-0.652727 0.013356 0.459580
-0.432685 0.414488 0.510449
0.863361 0.524008 1.002790
0.559396 0.662426 -0.772538
-0.779114 -0.016501 -0.111430
-0.972026 -0.982724 1.097760
0.161682 -0.263528 1.297735
0.114841 -0.268287 0.975493
