1024 1 M
 -0.825215 -0.554953 -0.395025 3.369742
 -0.434916 -0.242134 -0.244638 -1.056177
 -0.894617 -0.420540 -0.790998 0.357217
 0.016634 -0.890482 0.143002 -0.498854
 -0.495143 -0.077510 -0.740622 -0.997651
 -0.738534 -0.472679 -0.174365 1.561449
 0.031039 -0.547351 -0.048124 -0.158979
 -0.717889 -0.216686 -0.665708 1.182267
 -0.325510 -0.540299 -0.382664 1.534281
 -0.467354 -0.013742 -0.469389 0.309970
 -0.600435 -0.353860 -0.155092 0.872074
 -0.934049 -0.132407 -0.283520 -0.541496
 0.005631 -0.344972 -0.188298 -0.572612
 -0.042938 -0.326602 -0.526322 -0.205804
 -0.279653 -0.755391 -0.121001 0.609527
 -0.293556 -0.049996 -0.153632 -0.511010
 -0.289283 -0.376207 -0.008652 1.281457
 -0.609439 0.119900 -0.565740 -0.882833
 -0.415575 -0.701887 -0.031956 -1.021625
 0.033646 -0.999771 -1.006298 0.798675
 -0.913661 -0.147006 0.117709 1.328934
 -0.101602 -0.255646 -1.052255 0.727814
 -0.653795 -0.324921 0.002089 1.367257
 -0.657646 -0.842920 -0.804122 -0.341900
 0.194229 0.021249 -0.092686 0.495206
 0.085896 0.073910 -0.375379 -0.396536
 0.089031 -0.944566 -0.275350 -0.084677
 -0.116522 -0.648903 -0.450998 -1.396943
 -0.831619 0.087587 -0.411535 0.881585
 -0.054895 -1.053054 0.005146 -1.816460
 0.105091 0.146488 -0.583517 -1.171244
 -0.669290 -0.717051 -0.244696 -1.465829
 -1.096793 -1.057121 -1.092861 -0.776113
 -0.452661 0.161992 0.153066 -1.059344
 -0.546965 -0.608678 -0.335147 0.028496
 -0.412255 -0.230412 -0.242650 -2.031794
 0.109855 -0.647907 -0.873818 -1.837451
 -1.049956 -0.065130 -0.926442 -0.573790
 -0.349390 -0.076260 0.087092 -0.008360
 0.037059 -0.753199 -0.269602 -0.089752
 -0.814220 -0.290065 -0.499643 -0.221858
 0.118550 -0.207082 -0.590389 0.680971
 -0.752503 -0.303967 -0.712240 2.263054
 -0.425981 -0.944705 -0.814844 0.521873
 -0.957281 -0.330576 0.081247 0.990038
 -0.034864 -0.097316 -0.258512 0.134376
 -1.017784 -0.268746 -0.747140 -0.008527
 -0.235368 -0.477646 -0.566018 1.088229
 -0.950309 -0.391596 -0.839166 -0.811786
 -0.381947 -0.750934 -1.058548 0.176063
 -0.825276 -0.348163 -0.294893 -0.009943
 -0.935168 -0.418405 -1.082648 0.500900
 -0.260939 -0.080126 -0.006423 1.117615
 -0.116155 0.176881 -1.070762 1.249837
 -0.171740 -0.975759 0.032958 -1.443507
 -0.069236 -0.737319 -0.168112 0.733787
 0.162342 -0.218203 -0.828947 -0.400533
 -0.835960 0.096198 -0.449886 0.491810
 -0.270625 0.156415 0.138395 0.212001
 -0.835766 -0.701311 0.121397 -1.076226
 -0.752993 -0.932759 -0.881048 -0.095518
 -0.267441 -0.563441 -0.869515 -1.628619
 0.027134 -0.940644 -0.167716 -0.368919
 -1.086640 -0.289954 -0.470811 -0.432791
 -0.131414 -0.321800 -0.293705 0.074469
 -0.714718 -0.247955 -0.452582 0.127348
 -1.073190 -0.416133 -0.796225 -0.862834
 -0.622936 -1.079321 -0.024282 1.409316
 -0.801044 -0.834789 -0.889618 0.040810
 -1.040790 -0.318875 -1.080020 -1.139599
 -0.656589 -0.747500 -0.576524 0.786714
 -0.273940 -0.280319 -0.058383 -1.397206
 -0.769942 0.087607 -0.039926 0.240325
 -0.830806 -0.830347 -0.005878 0.042755
 0.095104 0.077388 -0.834177 -1.559979
 -0.304500 -0.791001 0.190310 1.092137
 0.075383 -0.825666 -0.960558 -1.652795
 -0.537018 -0.281574 -0.181326 0.258146
 -0.510127 -0.354048 -0.937840 -1.185365
 -0.223698 -0.291181 -1.076943 -1.067190
 -0.151817 -0.299240 -0.487520 0.449116
 -0.696544 -0.560168 -0.775932 2.464721
 -0.520947 -0.422283 -1.083802 0.967789
 -0.482566 -0.557320 -0.504401 -0.647333
 0.112688 0.064204 0.042875 -2.315884
 -0.424963 -0.089291 0.002222 -0.045411
 -0.526600 -0.756283 -0.650629 2.086382
 -0.936879 -0.059150 -0.297754 0.224639
 -0.060175 0.151380 -0.349874 0.394642
 -1.091861 -0.937819 -1.069339 0.245918
 -0.382722 -1.094774 -0.613936 -0.065644
 0.141058 -0.162138 -0.460462 -0.227066
 -0.113360 -0.699019 -0.120438 0.971954
 -0.914104 -0.856316 -0.010764 0.819225
 -0.628691 -0.086201 -0.600608 -0.465349
 -0.786046 -0.306127 -0.238871 1.326387
 -0.342213 -0.505654 -0.757000 -1.364681
 -0.721203 -0.769352 -0.272607 1.108694
 -0.031445 -0.173241 -0.343616 -1.104229
 -0.867147 -0.990952 -0.500429 -0.547766
 -0.218293 -0.161786 0.166936 -0.366932
 0.101303 0.170645 -0.881265 -1.443351
 -0.664784 -0.371900 0.025329 -1.109830
 -0.915456 0.185812 -0.595266 1.247021
 -0.968068 0.106557 -0.022374 0.536147
 -0.881203 -0.452018 -0.630441 0.266632
 -1.049161 0.179759 0.093131 0.122591
 -0.908683 0.109206 -0.696856 1.391064
 -0.239472 -1.016501 -0.392468 1.334302
 -0.354367 -1.026870 -0.606723 -0.688636
 -0.657372 -0.922110 -0.915464 0.277357
 -0.985486 -0.107563 -0.646533 -1.163369
 -1.040326 -0.206833 -0.685518 0.907265
 0.198567 -0.221192 -0.227891 0.288289
 -0.475266 -0.155436 -0.792266 0.423807
 -1.009635 -1.041980 0.118002 -0.667024
 -1.034138 0.191424 -1.077389 1.892260
 0.090261 -0.667303 -0.006009 0.075673
 -0.934243 -0.102253 -0.950785 -0.207462
 -0.863117 -0.786794 -0.878573 0.517569
 -1.097912 -0.940202 -0.688615 -0.393932
 -0.158248 -0.108141 -0.875273 0.580818
 -0.081521 -0.017960 -0.514875 -1.078347
 -0.631104 -0.075853 -1.013194 0.299600
 -0.539329 -0.166452 -0.044417 0.819546
 -0.349101 -0.655400 -0.311880 0.936090
 -0.284720 -0.699316 -1.004241 0.060877
 -0.976087 -0.036065 -0.628092 1.602966
 -0.728910 0.037620 -0.599718 0.408266
 -0.872216 -0.121760 -0.856199 1.587024
 -0.263539 -0.106477 -0.936001 -0.238832
 0.138103 -0.144544 -0.396357 -0.292573
 -0.003386 -0.540705 -0.504770 -0.948316
 -0.198255 -0.953531 -0.770172 1.234954
 -0.913684 -0.914023 -0.155523 -0.198712
 0.076362 -0.993719 -0.937619 -0.250727
 -0.644243 -0.239556 -0.290918 -0.646322
 -0.832143 -0.294339 -0.672606 -0.070801
 -0.990798 -0.633903 -0.235890 -0.394009
 -0.417551 -0.905867 -0.116351 -1.205220
 -0.184850 -0.742880 -0.710693 1.560577
 -1.024549 -1.038854 0.163436 -0.425729
 0.090165 -0.361851 -0.941226 -1.092825
 -0.990834 0.054694 -0.614909 -1.619040
 -0.741740 -0.389397 0.066410 -2.501352
 0.052218 -0.649978 -0.415387 2.506892
 -0.249551 -0.154157 -0.455231 0.043080
 -0.610564 -0.418254 -0.955780 1.683288
 0.164548 -0.872565 -0.898380 0.269985
 -0.884042 0.047399 -1.045612 -0.133495
 -0.709286 -1.034767 -0.022846 0.705233
 -0.685181 -0.297646 0.181795 0.923065
 -0.728110 -0.985208 -0.839960 -0.088349
 -0.845468 -0.565857 -0.865606 -0.046949
 0.154235 -0.376133 0.050552 0.083984
 -0.702067 -0.814193 -0.964821 0.638146
 -0.053865 -0.508039 0.015502 1.899611
 -0.878326 -0.689229 0.126102 -0.151865
 -0.293822 0.059637 -0.879987 1.202618
 -0.432560 -0.008154 -0.513239 1.071056
 0.162995 -1.008383 0.141793 -1.542165
 -0.848322 -0.634920 -1.023602 0.381967
 -0.692065 -0.411024 -0.412473 -0.629307
 -0.345058 -0.194514 0.124833 1.509605
 -0.566304 -0.982857 -0.386519 -0.029219
 -0.757176 -0.233830 -0.709140 -1.665267
 0.073772 -0.304058 -0.498804 -1.164381
 -0.840378 -0.416545 -0.436165 -0.549894
 -1.037604 -0.121701 -0.404997 -0.168339
 -0.056902 0.049542 0.030933 0.618217
 -0.855252 -0.290290 0.050404 -1.524347
 -0.713791 -0.377663 -1.094828 -2.509189
 -0.488291 -0.204252 -0.593288 -0.564863
 -0.587819 -1.033304 -0.900498 0.209001
 -0.414695 -0.620736 -0.638077 1.521087
 -0.885253 -1.024916 -0.807397 -1.068189
 -0.300768 -0.185229 0.137341 -1.993086
 -0.561306 -0.762068 -0.365026 -0.115416
 0.142511 -0.493394 0.166687 2.015889
 -0.050003 -1.080251 -0.411928 -0.848036
 -0.297647 0.169444 -0.004612 -0.495338
 -0.437346 -0.887539 -0.053066 -1.828341
 -0.236174 -0.327815 0.137661 -0.193516
 -0.084725 -1.079690 -0.339475 -0.185157
 -0.484962 -0.255160 -0.874882 0.261310
 -0.778634 -0.999796 -0.759196 0.988216
 -0.811095 -0.400663 -1.023441 0.159036
 -0.341577 -0.132128 -1.050485 -1.137299
 -0.184869 -0.170509 -0.342004 -0.384802
 -0.155088 -0.732489 0.176393 -0.131153
 0.110117 -0.579535 -0.701796 -0.034020
 0.160138 0.172004 -0.277818 0.653484
 0.135392 -1.056269 -0.533311 -0.743680
 -0.846435 -1.038561 -0.873841 -0.182684
 -0.492627 -0.879460 -0.446756 -0.192749
 -0.196757 -1.082528 -0.807533 1.452647
 -0.263502 -0.154333 -0.985767 0.809284
 -0.996631 -1.029445 -0.619832 -0.415871
 -0.000635 -0.822246 -0.563296 -0.392668
 -0.888808 -0.523423 -0.554545 1.233997
 -0.903963 -0.977128 0.121704 0.881276
 -0.079132 -0.565716 -0.882520 -0.040467
 -0.383146 -0.332650 -0.695458 -0.297197
 -0.578428 0.088693 -0.495241 -1.744140
 0.098853 -1.023721 -0.754639 -0.968687
 -0.105661 -0.249950 -0.660044 0.894773
 0.038506 -0.227930 -0.420349 1.333291
 -1.012472 -0.803204 -0.806502 -0.661759
 -0.922871 -0.825658 -0.806696 0.593493
 -0.846134 -0.488617 -0.873237 0.404627
 -1.029640 -0.721800 -0.449402 -0.318698
 -0.059450 -0.636671 -1.002842 1.254648
 -0.283055 -0.420262 -0.634454 -0.695276
 -0.425988 -0.357588 -0.393032 0.335565
 -0.836215 -1.086733 -1.039741 1.835595
 -0.630541 -0.645298 -0.776613 -1.799318
 -0.633861 -0.271841 -0.828364 0.883247
 -0.609582 -0.884984 -1.009303 -0.167059
 -0.606245 -0.311957 -0.913028 0.187624
 -0.873391 -0.645273 -1.037209 0.686624
 0.057004 -0.099914 -0.760604 0.863815
 -0.128884 -0.456678 -0.194571 -1.009425
 -0.926629 -0.001455 -0.144124 -0.003243
 -0.244946 -0.779386 -0.618625 -0.648448
 0.153741 -0.590498 -0.970626 0.812978
 -0.557446 -0.312394 -1.086787 0.034698
 -0.158010 -0.821296 -0.338680 -1.483946
 -0.444021 -0.972612 -0.266403 -0.538043
 -0.601688 -0.120338 -0.902875 1.462703
 -0.589529 -0.038060 -0.589707 1.074304
 -0.770873 -0.469169 -1.077384 1.499672
 0.162697 -0.998856 -0.807172 -2.001548
 -0.480628 -0.092131 -0.578534 -0.592416
 -0.144821 0.184469 -1.074811 -0.253752
 0.152352 -0.584520 -1.033295 0.461799
 -0.836028 -0.316359 -0.522400 1.756564
 -0.674103 -0.977523 0.190186 0.936903
 -0.356737 0.148552 -0.020282 -0.530150
 -0.973680 -0.603294 -0.329806 0.326942
 -0.527943 -0.857302 -0.789065 0.124970
 -0.641848 -0.114273 -0.356040 0.752610
 -0.668258 -0.624214 -0.610589 1.259372
 -0.277753 -0.859212 -0.110534 0.186776
 -0.745400 0.084761 -0.672087 1.502730
 -0.224573 -0.403354 -0.738493 0.863263
 -1.058315 -1.034044 -0.685677 0.830853
 -0.204523 -0.398376 -0.131125 1.887320
 0.119093 -0.574897 -0.222811 0.891646
 0.027761 -0.739999 -0.433654 -0.022922
 -0.489210 -0.540608 -0.725210 0.018507
 -1.074005 0.061862 -0.162807 -2.011393
 0.008831 -0.686063 -0.341370 0.323819
 -0.715247 0.197456 -0.928382 -0.752070
 -0.387617 -0.438691 -0.996422 -0.281591
 -0.966371 -0.822016 -0.389517 -0.637058
 -0.562267 -0.097557 -0.576234 -0.407933
 -0.528596 -0.139069 -1.095889 -0.102142
 0.064254 -0.861166 -0.892673 2.135808
 -0.410663 -0.756927 -0.648949 0.377185
 -0.478401 -0.754925 -0.393771 1.919024
 -0.579925 -0.549929 -0.183173 0.866698
 -0.801004 -0.309013 -0.438120 -1.426253
 -0.446524 -0.780456 -1.008518 -0.015718
 -0.479732 -0.592607 -0.469424 0.591908
 -0.119603 -0.595897 -0.122381 -0.185084
 -0.858312 -0.361974 0.166440 0.457563
 -0.029969 -0.950371 -1.065373 0.004279
 -1.018835 -0.918258 0.027555 1.522989
 -0.200415 -1.017949 0.034974 -0.507743
 -0.616610 -0.024378 -0.254335 0.160787
 -0.420214 -0.327825 -0.353087 0.039165
 -0.778832 -0.965501 0.070951 0.057971
 -0.058782 -0.508219 -0.944105 -0.473085
 -0.017861 -0.171328 -0.786760 -0.808903
 -0.793837 -0.910298 0.058245 1.243845
 -0.167450 -0.006686 -0.008962 0.609856
 -0.815559 -0.733556 -0.911764 -1.311576
 -0.685443 -1.083531 -0.805337 -1.032231
 -0.747801 -0.038147 -0.924230 -0.556388
 0.194842 -0.662654 -0.070549 1.563270
 0.086123 -0.046525 -0.816153 1.734552
 -0.521939 -0.360738 -0.970745 -0.819561
 -0.391591 -0.431772 -0.993687 1.280116
 -0.368553 -0.569762 -1.012240 0.180598
 -0.782146 -0.353795 -0.444131 1.409653
 -0.116443 -0.287165 0.185140 0.103824
 0.182494 -0.326505 -0.293856 0.722876
 -0.964000 -0.750943 -0.607865 0.497332
 -0.553068 -0.658358 -0.778627 -0.799555
 -0.755938 -0.757333 0.019706 -0.830395
 -0.863354 -0.398421 0.083248 1.342425
 -0.199444 -0.063242 -0.422433 1.379999
 -0.061745 -1.077007 -1.044888 0.669328
 -0.324900 -0.761999 -0.270039 -0.526936
 -0.714031 -0.102525 -0.360369 -1.142641
 -0.001202 -0.571531 -0.788152 0.776896
 -0.317503 0.106719 -0.085978 0.373590
 -0.658187 0.005835 -0.799049 -0.112057
 -0.185688 0.097425 -0.801700 0.387806
 -0.544419 -0.648975 -0.460396 -0.934388
 -0.466015 -0.388385 0.078431 0.379566
 0.123290 -0.453384 -0.968064 1.079674
 0.124345 -0.415290 -0.155228 -0.418216
 -0.827413 -1.009926 -0.164809 0.614230
 0.073904 -0.303173 -0.864625 -0.528529
 -0.962017 -1.013146 -0.029135 -1.093133
 -0.780870 -0.745603 0.152497 0.324483
 -0.240812 -0.078380 -0.360481 -1.582175
 -1.054166 0.104870 -0.089467 0.052461
 -0.050255 -0.759765 -0.554572 -2.522742
 -0.577121 -0.853938 -1.058699 -1.201717
 0.040754 -0.937378 0.116556 0.354468
 -1.037880 0.084080 -0.499040 0.768268
 -0.601167 -0.648298 -0.988345 1.457344
 -0.546152 -1.024293 0.029064 0.452282
 -0.183527 0.095182 -0.416525 -0.309504
 -0.484209 -0.054466 -0.554254 2.136632
 0.009007 -0.179140 -0.439019 -1.292201
 -0.090497 0.003112 -0.834907 -0.609760
 0.074511 0.111188 -0.506489 0.694073
 -0.215944 -0.581400 -0.874506 -0.222607
 -1.040827 -0.853534 -0.956505 1.067939
 -0.506627 -0.293784 -0.987753 -1.995034
 -0.245218 -0.238255 -0.492598 0.696765
 -0.574368 -0.111150 -0.741291 0.721676
 -0.328381 -0.293264 -0.065890 0.751994
 -1.009731 -0.582170 -1.006635 1.432227
 -0.576879 -0.965201 -0.316796 0.305979
 -0.169838 -0.665930 0.121818 -0.211730
 -0.705123 -0.644836 -0.087537 -0.057962
 -1.077531 -0.173538 -0.357866 -0.128799
 -0.949669 -0.200895 -0.613080 0.354187
 0.157069 -0.784122 -0.651007 1.176436
 -0.846005 -0.328521 -0.280550 -0.475503
 -0.980591 -0.503010 0.084838 -0.315867
 -0.787865 -0.128360 -0.819265 0.756007
 -0.566565 -0.406173 -1.087413 -0.188931
 -0.342969 0.118412 -0.584133 -1.674973
 0.107527 -0.870472 -0.059774 0.871855
 0.071138 -0.998334 -0.162250 0.057850
 -0.824625 -0.631113 -0.334390 -0.808314
 0.048962 -0.669919 -0.625378 -0.951705
 0.108713 -0.561896 -0.265943 1.418911
 -0.261326 -0.564472 -0.408435 -1.132304
 0.058820 -0.674764 0.067491 -0.435387
 -0.064666 -0.991898 -0.782587 2.389889
 -0.498574 0.181769 -0.142628 0.727712
 0.020607 -0.963734 -0.884642 -0.103772
 -0.086845 -0.555884 -1.005308 -0.674227
 -0.488954 -0.245556 -0.966796 0.383213
 -0.323955 -0.975624 -1.050351 -0.147173
 -0.207151 0.012602 0.072481 0.276255
 -0.570470 0.155729 -0.104065 -0.948330
 -0.719573 0.089244 -0.522399 -0.214054
 -0.834419 -0.274978 -0.793102 0.068472
 -0.812847 -0.418537 -0.765718 0.080678
 -0.119718 -0.895165 -0.630230 -1.023000
 -0.232321 -0.372440 -1.064834 0.076134
 -0.565014 -0.468135 -0.343626 0.077209
 -0.421166 -0.933885 0.169970 -0.326721
 -0.024925 -0.163132 -0.183587 -1.130743
 -0.169551 -0.346896 -0.633190 1.518869
 -0.638580 -0.333896 -0.936684 -1.076320
 -0.570896 -1.043093 -0.267396 -0.215286
 -0.918977 0.169959 -0.777948 0.249631
 -0.504465 0.150147 -0.279878 1.277945
 -0.825330 -0.076714 -0.684189 -0.514101
 -0.096070 -0.318535 -0.961327 -0.526349
 0.131865 -0.673796 -0.709941 -0.457236
 -0.681022 -0.665299 -0.709348 -0.511624
 -0.928615 -0.720886 -0.361836 0.094647
 -0.625200 -0.612888 -0.854750 -0.629129
 -0.047348 0.139968 -0.431571 -0.052811
 0.023947 -0.982096 -0.911448 -0.566704
 -0.327266 -0.435514 -0.519121 -0.881671
 -0.974136 -0.127474 -0.950961 0.283799
 -0.702778 -0.063517 -0.191725 1.193225
 -0.535614 0.019834 -0.926497 1.601482
 -0.224241 -0.562234 0.094344 1.495440
 -0.415645 -0.462280 -0.407326 0.759749
 -0.311078 -0.349560 -1.063608 -0.313248
 -0.427168 0.047138 -0.934136 -0.015430
 -0.099649 0.100205 0.097859 -1.948428
 -0.992937 -1.077200 -0.427421 -0.322869
 -0.158738 -0.347405 -0.769707 -1.184257
 -0.986371 -0.548665 0.063785 -0.419824
 -0.835383 -0.045667 -0.283664 0.643376
 -0.096141 -0.960023 -1.074159 -1.133932
 0.058623 0.166122 -0.895750 -0.077665
 -0.644926 -0.514907 -0.466648 0.580204
 -0.550381 -0.620033 -0.770179 0.162457
 0.103935 -0.929298 -0.435156 -0.628318
 -0.124456 -0.306770 -0.160849 -0.065141
 -0.470338 -1.016258 -0.424952 -1.495017
 -0.952827 -0.094847 -0.701027 1.097918
 -0.112043 -0.069125 -0.133003 0.479607
 -0.341496 -0.763033 -0.198273 -0.497481
 -0.533624 -0.424850 -0.651732 -0.186987
 -0.464965 -0.769185 -1.084679 2.026549
 -0.854557 -0.270703 0.117440 0.806336
 -0.253942 -0.280280 -0.256416 -1.388437
 -0.860701 0.054536 -1.037557 2.464984
 -0.609755 -0.214852 -0.878916 0.249760
 -0.710843 -0.612083 -0.388495 2.416863
 -0.642196 -0.928627 -0.180303 0.029450
 -1.090459 -1.058094 -0.671285 1.527156
 -0.091434 0.019476 0.089247 0.919706
 -0.999770 -1.001029 -0.038881 1.064566
 -0.339558 -0.573345 -0.071956 0.293530
 -0.065400 -0.361432 -0.045560 -0.928333
 -0.854766 -0.502129 -0.453618 -0.965516
 -0.661774 -0.066311 -0.942661 1.268457
 -0.338889 -0.863653 -0.908786 -0.127992
 -0.294817 0.131289 0.010457 0.344634
 -0.847727 0.119458 -0.586471 -0.617742
 -0.311200 -0.123246 -0.864212 -1.433610
 -0.979603 0.013343 -0.254460 0.491468
 -0.284629 -0.825264 -0.232178 -0.025539
 -0.062041 -0.005980 -0.271830 -0.885586
 0.190389 -1.037897 -0.093022 0.225646
 -0.390738 0.026162 -0.286322 -0.616469
 -0.964095 -1.075663 0.016483 0.303947
 0.181915 -1.023378 -0.711275 -1.993631
 -0.454890 -0.812260 -1.027784 -0.003396
 0.111691 -0.911556 -0.242567 -0.875185
 -0.478226 -0.109851 -0.921982 0.321474
 0.030465 -1.066822 0.149950 2.113627
 -0.588099 -0.290828 -0.157822 -1.657479
 -0.196271 -0.679599 -0.641776 0.251229
 -0.663525 -0.332259 -0.413336 -0.798642
 0.075809 -0.811404 -0.797416 -1.498447
 -0.902466 0.085698 -0.498191 1.884813
 -0.498388 -0.308485 -0.702981 1.594698
 -1.030159 -0.318783 -0.816831 -0.993489
 -0.110079 0.140675 0.036571 0.588719
 -1.070584 -0.926014 0.039070 0.383119
 -0.918664 -1.064227 -0.686108 1.552951
 -0.680468 -0.142157 -0.221082 -0.192143
 0.191406 -0.682588 -1.050747 0.559544
 -0.210085 0.008327 0.130830 0.230258
 -0.983103 -0.838583 -0.356963 -1.004561
 -0.426519 -0.241215 -0.979842 0.532080
 -0.295263 -0.651569 -0.197203 -1.418250
 0.101760 -0.091258 -0.849195 -0.272013
 -0.266943 0.123963 -0.720156 2.085176
 0.119904 -0.767075 0.073287 -0.538159
 -0.939206 -0.592725 -0.949274 0.569365
 -0.683849 -0.686193 0.110517 0.700290
 -0.247510 0.061190 -0.053753 -0.584977
 -0.790278 -0.167097 0.177010 0.087562
 -0.154285 -0.626077 -0.114611 1.164275
 0.082023 -0.660336 -0.048468 -0.130709
 0.184837 -0.847297 -0.819268 -3.226267
 -0.163131 -0.363245 -0.700508 -2.218511
 -1.004915 -0.425162 -0.148894 0.884712
 -1.032257 -0.665939 0.019219 1.260409
 -0.201535 -0.635024 -0.007932 -0.131545
 -0.705625 -0.361138 0.056953 -0.890670
 -0.979700 -0.938273 -0.798840 0.990308
 -0.472909 0.090067 -0.207211 -0.694418
 -0.762828 -0.198800 0.197151 -0.424014
 -1.077005 -0.230362 -0.765053 0.414369
 -0.808074 -0.538788 -0.566671 0.792532
 -1.069181 -0.397092 -0.469686 -0.548261
 -0.521583 -1.004528 0.128435 -2.020627
 -0.971656 -0.401781 -0.024706 -0.247928
 -0.965146 -1.086792 -0.282179 -0.104178
 -0.690843 -0.149472 -0.695089 -0.295355
 -0.446089 -1.018415 -0.401823 0.422894
 -0.677908 -0.500348 -1.037440 1.867045
 -0.377872 0.010466 -0.242124 1.415262
 0.044202 0.195306 -0.379304 -0.719862
 -0.636744 -1.057515 0.151270 0.362313
 -0.494088 -0.493912 -0.417366 -1.214225
 -0.011093 -0.142786 -1.049114 0.875995
 -0.119741 -0.148549 -0.251949 0.521016
 -0.290553 -0.943996 -0.509813 -1.678666
 -0.941559 -0.646965 -0.696817 0.553269
 -0.993221 -0.918052 -0.778089 -1.085803
 -0.308767 -0.148748 -0.248927 -0.841965
 -0.027036 -1.045844 -0.745086 0.279002
 -0.225589 0.031166 -0.511800 0.445069
 -0.494528 -0.412321 -0.079275 -0.376145
 -0.752367 -0.926900 -0.805128 -0.724124
 -0.391610 -0.293522 -0.293695 1.158650
 -0.428094 -0.106245 -0.322993 -0.554954
 -0.623362 -0.461486 -0.154912 1.220386
 -0.273752 -0.378960 0.015025 0.612293
 -0.997972 0.041833 -0.378441 1.735377
 -0.398153 0.110305 -0.680078 -0.450751
 -0.324800 -0.143971 -0.289655 0.562112
 -0.451557 0.073931 -0.899037 -0.572722
 0.081305 -0.537747 -0.674618 -0.209891
 -1.048464 -0.408673 -0.099310 0.528239
 -0.331883 -0.654584 -0.242062 0.111912
 -0.794347 -0.947145 -0.708542 -0.780767
 0.147100 -0.239885 -0.549469 -0.348176
 -0.095066 0.039459 0.130737 -1.501208
 -1.079333 -0.468205 -0.283937 -1.069291
 0.153671 -0.669003 -0.722024 -0.524488
 -0.481299 -0.412981 -0.636788 0.115752
 -0.118161 -0.376885 -0.806710 -0.604899
 -0.513986 -1.067379 -1.064357 0.500008
 -0.933698 -0.748813 -0.880772 -1.615090
 -0.643143 -0.065703 -0.134712 -0.501511
 -0.112271 -0.331515 0.102685 -0.431903
 -0.782228 -0.070228 -0.730662 0.846472
 -0.028966 -0.675034 -0.007524 -0.967320
 -0.369281 0.192745 -0.097051 0.345569
 -0.319302 -0.152564 -0.839656 1.506869
 0.141149 -0.443857 -0.200971 0.841691
 -1.095894 0.039431 0.042517 -0.200377
 -1.022441 -0.784198 0.105616 -0.175844
 -0.594019 -1.046031 -0.100223 0.649424
 -0.814188 -0.554524 -0.230542 0.475294
 -0.994705 -0.657800 -0.973599 -0.574102
 -0.078694 -0.960758 -1.034542 0.479093
 -0.398934 -0.580164 -0.828014 1.654515
 -0.213804 0.160679 -1.044965 1.160543
 -0.238827 -0.543909 0.152122 -1.046520
 -0.919284 -0.254825 -0.088953 -0.421317
 -0.876667 -0.826731 -0.659664 0.704206
 -0.998042 -0.461496 -0.783333 -0.693088
 -0.395369 -1.024005 -0.808898 -0.123347
 -1.019502 -0.034787 -0.612488 0.098284
 -1.043175 -0.134736 -0.262820 -1.326534
 -0.832967 -0.310067 -0.800486 -0.743354
 -1.095746 -0.594481 0.181280 -1.324578
 -0.011977 -0.951956 -0.734728 0.188983
 0.003640 0.076878 -0.414695 -0.702292
 -1.026255 -0.260581 -0.389630 -0.679656
 -0.520634 -0.437259 -0.590129 -1.217928
 -1.025569 -0.715143 -1.096560 1.261621
 -0.201474 -0.557856 0.137555 1.369794
 0.086999 -0.266391 0.191030 0.673110
 -0.892169 -0.995960 -0.552549 2.071986
 -0.499145 -0.899322 -0.916129 0.424348
 -0.279783 -0.746361 -1.011503 -1.167789
 -0.480291 -0.254126 -0.825057 -0.367477
 0.180154 -0.471984 -0.469143 0.546103
 -0.441997 -0.883214 -0.284680 0.784360
 -0.347835 -0.436125 -0.954051 -1.890097
 -0.712836 -0.520577 0.169290 -0.587380
 -0.918179 -1.017506 -1.047574 -0.780209
 -0.641316 0.002650 -0.174030 0.587786
 -0.459989 -0.111979 0.106417 -0.267080
 -0.035115 -0.812974 -0.184760 -0.033414
 -0.177629 -0.353124 -0.185286 0.340401
 -0.516998 0.087104 -0.758813 0.819635
 -0.512608 -0.523728 -0.365702 -0.205525
 -0.196583 -1.089524 -0.411626 -1.483984
 -0.674144 -0.639930 0.139842 -0.164948
 -0.472231 -0.467801 -0.787027 0.098617
 -1.012869 0.007147 -0.838548 0.181441
 -0.074090 0.175284 -0.114912 0.568149
 -0.257713 -0.046151 0.013847 0.540467
 -1.026456 0.144297 -1.037295 -0.897672
 -0.994631 -0.403323 -0.162066 0.059571
 -0.634964 -0.829757 -0.759857 1.227451
 0.035067 -0.132057 -0.915281 2.929545
 -0.826555 -0.889988 0.112769 0.679172
 -0.317128 0.010613 -0.599480 -0.820212
 -0.359154 -0.882476 0.019097 -1.032490
 -0.543381 -0.236761 -0.019070 -0.161273
 -0.723659 -1.076430 -0.481919 -0.036467
 -0.627208 -0.320845 -0.675638 -0.639455
 -0.421241 -0.278050 -0.739427 -0.165893
 -0.766438 -0.134645 -0.216087 0.444779
 -0.933781 -0.140376 -0.483062 1.103935
 0.185136 0.151289 -0.203371 -0.259228
 -0.775589 -0.417270 -0.478852 1.995426
 -0.310232 -0.604538 -1.073109 -0.387908
 -1.041616 0.194772 -0.688852 0.489299
 -0.229886 -0.254121 -0.853238 -0.414226
 0.081951 -0.160358 -0.954974 -1.615598
 -0.471481 -0.695036 -0.893531 -0.191026
 -0.780367 -1.085814 -0.194576 1.038122
 -0.001470 0.149409 -0.052661 -0.519082
 -0.467496 -0.734635 -0.979951 -0.229347
 -0.764936 -0.746795 -1.035283 -0.525963
 -0.944312 -0.122661 -0.582092 1.766152
 -0.948348 -0.334104 -0.688190 -0.198977
 -0.869989 -0.767586 -0.619458 1.259032
 -0.945337 -1.062139 0.183554 0.192269
 -0.389781 -0.917281 -0.072164 -0.813776
 -0.342599 -0.968147 -0.445321 0.898736
 -0.205261 -1.055664 -0.656600 -0.693327
 -0.891447 -0.229498 -0.225220 0.191562
 -0.162370 -0.303190 -0.279980 -0.237770
 -0.039700 -0.618017 0.156570 -1.023867
 -0.016257 -0.335601 -0.778036 0.720334
 -0.942234 -0.228459 -0.368879 -0.122029
 0.058947 0.052599 -0.178240 0.018193
 -0.949681 -0.069345 -0.610761 -2.440005
 -0.674640 -0.920360 -0.034042 1.485935
 -0.372447 -0.958930 -0.470042 -2.485337
 -0.593301 0.142540 0.194000 2.380627
 0.100019 0.148693 -0.196605 0.712749
 -0.333176 -0.205133 -0.369641 -0.722385
 -0.534547 -0.722264 -0.798929 -0.339662
 -0.274951 -0.481158 -0.981793 -1.252362
 -0.251160 -0.939611 -0.223896 -0.567566
 0.071108 0.045638 0.157467 0.188351
 0.157921 -0.147985 -0.800934 -1.300123
 0.005419 0.028802 -0.442214 -0.938952
 0.006768 -1.097556 -0.426607 2.997719
 -0.982747 -0.947703 -0.472698 -0.318420
 0.083669 -0.480050 -0.140448 0.527325
 -0.901887 -0.508523 -0.842266 1.300024
 0.062345 -0.262769 -0.507359 -0.362357
 -0.549405 -0.086000 -0.044813 0.332962
 -0.446721 0.019214 -0.597552 -1.374516
 -0.868458 0.093512 -0.709753 -0.829734
 -0.584376 -0.622372 -0.088191 -0.672490
 -0.323108 -0.963189 -0.026620 0.349503
 -0.944146 -0.847197 -0.929140 -0.013814
 -0.472915 0.198187 -0.175477 0.094862
 -0.246949 -0.003132 -0.917189 1.198418
 -0.575237 -0.059901 -0.030184 -1.440041
 -0.718841 -0.438310 -0.625790 0.242262
 -0.513260 -0.714818 -0.822991 0.290253
 -0.337648 0.187993 0.040592 0.716941
 -0.259303 -0.391622 -0.865134 -1.657598
 -0.723024 -0.997633 -0.651063 -0.103481
 -0.816314 -0.961794 -0.144163 -0.456026
 0.022732 -0.648218 -0.777918 1.172804
 -0.241025 -0.166368 -0.883388 -0.419262
 -0.727679 -0.899412 -0.898293 -1.047243
 -0.322572 -0.951731 0.096920 -1.045517
 -0.249278 0.157011 -0.402343 0.925025
 -0.564148 -0.254951 -0.322092 -0.956132
 0.077882 -0.176801 -0.123945 -2.024429
 -0.360630 -0.147751 -0.669814 -1.154717
 -0.299725 -0.230643 -0.201259 1.015000
 -0.367326 -0.066258 -0.154256 -0.042435
 -1.075918 -0.541787 -0.339026 -0.584336
 -0.673273 -0.979490 -0.591321 -0.840923
 -0.992765 0.053162 -0.912835 -0.202821
 -0.902944 0.068295 0.051892 1.106056
 -0.673757 -0.446291 -0.463364 -0.600168
 -0.936079 0.002486 -0.190257 0.240674
 -0.659924 0.067508 0.054202 -0.311753
 -0.139783 0.011070 -1.022317 -1.041775
 -0.421213 -0.915418 -0.892316 -1.288165
 -0.435534 -0.441618 -0.085277 0.254793
 -0.724742 -0.490589 -0.218686 -1.773215
 0.062910 0.004790 -0.588566 0.304579
 -0.403279 -0.120581 -0.248810 0.195880
 -0.189661 -0.181591 -0.680819 -1.196806
 -0.296383 -1.022056 -0.090691 1.383141
 -0.108525 -1.042681 0.155379 0.179697
 -0.610895 -0.016935 -0.466040 0.621863
 -0.177423 0.101281 -0.485643 1.554707
 -0.416669 -0.362452 0.094288 -0.698702
 -0.931785 -0.735405 -0.362262 -0.314433
 -0.605794 -0.311101 -0.917003 -1.480951
 -0.315649 -0.592408 -0.142786 1.544458
 -0.765562 -0.259838 -0.851601 1.271142
 -0.996885 0.096065 -0.572627 -0.510295
 0.073314 -0.561204 -0.964250 0.313530
 0.158678 -0.306148 -0.100306 -0.294931
 0.085232 -0.337273 -0.835382 -0.857833
 -0.173130 0.015713 -0.192371 -0.042110
 -0.868491 -0.370041 0.030798 0.376547
 -0.797391 -0.724210 0.035262 2.149076
 0.170912 -0.358150 -0.279214 -0.086486
 -0.801775 -0.289922 -0.576465 -0.600563
 -0.761002 -0.277468 -0.728144 0.048684
 -1.065834 -0.328612 0.081429 2.245198
 -0.689036 -0.771554 0.187292 1.060587
 -0.342705 -0.694876 -0.736539 -1.580517
 -0.213445 -0.973336 -0.684164 -0.960603
 -0.303337 -0.257470 -0.116686 0.948515
 -0.223491 0.135387 -1.038989 -2.021558
 0.039523 -0.113665 -0.749264 -1.093488
 -0.343753 -0.297664 -0.261747 0.606051
 -0.580118 -0.960033 -0.089290 -1.918031
 -0.635199 -0.749523 -0.029548 0.913415
 -0.815779 -1.004401 -0.430441 -0.198029
 -1.056210 -0.205914 0.088463 -1.711473
 -0.844206 -0.456538 -0.944395 -0.724699
 -0.068126 -0.423432 -0.309975 -0.040915
 -0.785768 -0.694771 -0.058375 0.580933
 0.073329 -0.720302 -0.068406 -0.823029
 -0.306654 -0.962968 -0.349575 -0.725106
 -0.992099 0.001057 -0.878014 -0.326867
 -0.872320 -0.887500 -0.039284 0.465446
 -0.207929 -0.014736 -1.013515 0.552071
 0.077527 -0.353940 -0.799164 0.889728
 -0.396240 -0.630631 -0.474313 0.039248
 -0.341708 -0.848300 -1.007661 0.297335
 -0.737017 0.021862 -0.426067 -0.977758
 0.140789 -0.459598 -0.200283 0.320205
 0.017459 -1.055342 -1.052377 0.780337
 -0.619097 0.037782 -1.083866 0.750455
 -0.241314 -0.577463 -0.647427 -1.457617
 -0.806999 -0.439570 -0.269435 0.329678
 -0.499679 -0.351417 0.041484 -0.123617
 -0.933092 -1.078698 -1.062526 -0.029750
 -0.234769 -0.401716 -0.506312 0.861454
 -1.043706 -0.448472 -0.136919 0.898460
 -0.406633 -0.102501 0.159603 0.020143
 0.119288 -0.827429 0.013328 -0.202513
 -0.152502 -0.180132 -0.849089 -0.569757
 -0.493775 -0.457463 -0.935369 -1.787256
 -0.145237 -0.389413 -0.720793 -0.144539
 0.126670 0.128023 -0.688521 0.650277
 -0.837510 -0.014302 -0.751823 -0.412882
 -0.153638 -0.434235 -0.198805 -0.532312
 -0.004904 -0.479938 0.073483 -0.431232
 -0.810809 -0.422083 -0.484565 -0.734710
 0.066739 -0.798285 -0.032436 -0.088252
 -1.044597 -0.301404 -0.095442 3.240468
 -0.261809 0.028585 -0.586255 0.029677
 -0.727649 0.136369 -0.766849 2.622351
 -0.516728 -0.392124 -0.022044 -0.695496
 -1.033875 -0.414049 -0.063244 0.552780
 -0.009131 -0.656483 -0.337772 -1.794206
 -0.210599 -1.025938 -0.040336 -0.961006
 -0.143791 0.193167 -0.015611 1.636085
 -0.573198 -0.072054 0.028760 0.491360
 -0.249841 -0.665609 -0.683296 -1.568812
 -1.058010 -0.431496 -0.463921 -0.022824
 -0.527790 -0.522771 -0.367452 -0.054158
 -0.994849 -0.598541 -0.510247 0.338866
 -0.118954 -0.023441 0.008345 -0.604931
 -0.316011 -0.038601 -0.601657 -0.539952
 -0.979386 -0.780598 -0.972080 1.241539
 -0.387975 -1.036706 0.099269 -0.035082
 -0.835883 -0.274253 0.065951 0.625369
 -0.420704 -0.944824 0.113944 -0.725102
 -0.506658 -0.356173 -0.654131 -0.770222
 -0.961115 -0.443172 -0.273655 0.914012
 -0.063590 -0.590082 -0.321039 -0.019070
 -0.809573 -0.465353 -0.023899 0.775618
 -0.092777 0.049255 -0.722621 -0.617329
 -0.917319 -0.939262 -1.035847 -0.799913
 -1.044585 0.118514 -1.060865 -0.185661
 0.065479 -1.075837 -0.431290 -0.303940
 -0.004046 -0.462534 -0.188039 0.303638
 -0.842364 -0.362640 -0.265050 1.132441
 0.097542 -0.772741 -0.753819 -0.280509
 -0.750576 -0.289713 -0.943891 1.301897
 -0.285480 -0.852086 -0.605137 -0.381418
 -0.831958 -0.328990 -0.958945 -0.572666
 -0.427173 -0.621983 -0.063428 -0.371443
 -0.182651 -1.036912 -1.005516 1.085431
 -0.944785 -0.532395 -0.589150 1.253586
 -0.368837 -0.829038 -0.219310 -1.083788
 -0.394327 0.086890 -0.287379 0.301826
 -0.085154 -0.499888 -0.114673 -2.568627
 -0.496721 -0.623769 0.014908 -2.196638
 -0.513786 -0.110168 -0.217838 -1.211159
 -0.343318 -0.146985 -0.188627 -0.848838
 -0.913868 -1.091125 -0.097620 -1.940106
 -0.497598 -0.626099 -0.164684 -0.620946
 -0.153433 0.155102 -0.902228 -0.522467
 -0.004744 0.039324 -0.260681 -1.704749
 -0.826140 -0.118530 -0.865806 0.696959
 -0.121842 -0.210102 0.001718 -0.865848
 -0.115275 -0.126788 -0.258936 -0.049630
 0.001896 -0.739947 -0.734300 -1.453064
 0.123058 -0.256768 0.138138 -1.006231
 -0.932996 -0.660615 -0.273105 1.152529
 -0.041049 -0.502519 -0.594916 -1.685175
 -0.170605 -0.457336 -0.428341 0.871471
 -0.915089 0.069315 -1.060490 0.243330
 -0.439849 0.081901 -0.642179 -1.177616
 -1.049344 -0.643475 -0.436007 -2.029684
 -0.281213 0.029193 -0.094580 -1.772611
 -0.028127 -0.686223 -0.304240 0.148007
 -0.475218 -1.077070 -0.623455 -1.682017
 -0.073154 0.141189 -0.312336 -0.185390
 -0.719030 -0.513500 -0.980148 3.129724
 -0.438898 -0.725465 -0.993999 0.058073
 -0.530406 -0.831168 0.009385 1.628904
 -0.711267 -0.223034 -0.121014 -0.741269
 -0.166369 -0.140193 -0.618694 -0.055082
 -0.827328 -0.832439 -0.700861 0.223091
 -0.391087 -0.842971 -0.543828 1.767196
 0.110108 -0.392668 -0.655994 0.596773
 -0.493992 -0.789121 -0.811273 0.582994
 0.107353 -0.489097 -0.998728 -0.233879
 -0.166905 0.127859 -0.034950 -0.137991
 -0.684814 -0.648715 -0.948398 0.602730
 0.047835 0.078960 0.028086 -1.896590
 -0.826645 -0.981478 -0.991604 -0.542477
 -0.396825 -0.368953 -0.354112 1.651323
 -1.020516 -0.858579 0.174047 1.628332
 -0.337222 -0.560585 -0.068541 -0.147022
 0.096018 -0.317624 0.091131 -0.011183
 -0.783976 -1.096524 -0.537264 -0.769789
 -0.027642 -0.801960 -0.956394 0.248666
 -1.037676 -1.099046 -0.889631 0.657568
 -0.143056 -0.068606 -0.432758 1.116022
 -0.636103 0.145944 -0.289234 0.159821
 0.199588 -0.177040 -0.021929 0.528266
 -0.769367 0.064508 0.132107 0.361685
 -0.234433 0.111259 -0.861652 0.399763
 -1.034066 -0.104886 0.133598 0.489671
 -0.294392 -1.018206 -0.701821 0.330754
 -0.896259 0.199277 -1.023873 -0.028479
 -0.348661 -0.199828 0.013590 2.033970
 -0.367355 -0.494547 -0.550392 -0.681424
 -0.554768 -0.970457 0.070752 -0.336455
 -0.937486 -0.662194 -0.096455 -1.136575
 -0.614843 0.018159 -0.377319 0.689644
 -0.019429 -0.152975 0.060480 1.880392
 -0.471365 -0.116929 -0.482205 1.209786
 -0.794360 -0.875819 -0.647386 0.417588
 -1.081288 -1.093493 0.162796 0.271901
 -0.367046 -0.125817 -0.044201 0.289036
 -0.644146 -0.411243 -1.031174 -0.700634
 -0.756379 -0.508048 -0.568640 -0.108422
 -0.270678 -0.284917 -0.765295 -0.842183
 -0.991964 -0.793204 -0.915903 -1.090925
 -0.884121 -0.572591 -0.478714 0.164444
 -0.982739 -0.652816 -0.326846 0.021406
 -0.736315 -0.445076 -0.151649 1.185020
 -0.187192 0.055530 -0.913938 -0.050694
 -0.713543 -0.352231 0.013455 0.791851
 -0.503041 -0.726568 0.114559 -1.787827
 -0.788595 -0.636770 -0.055355 -0.037236
 -0.599391 0.131720 -0.282061 -0.254807
 0.178095 -0.235333 -0.604938 -1.883979
 -0.430224 0.074276 -0.371345 0.102839
 0.003909 -0.363422 -1.039124 0.954164
 -1.022827 0.085630 -0.275316 -0.225802
 -0.650881 -0.079712 0.126832 1.351092
 -0.681610 -0.111586 -0.225176 -0.580836
 0.134499 -0.995436 -1.077484 -1.021418
 -0.122830 -0.504514 -0.061427 0.140371
 -0.922397 -0.975686 -0.060494 -0.238169
 -0.409279 -0.789652 -0.363982 1.612108
 -0.677233 -0.252480 -0.065440 0.739412
 -0.912243 -0.217005 -0.453418 -0.855763
 -1.012227 -0.556496 -0.530857 -0.313480
 0.051669 -0.826880 -0.496989 -0.098771
 -1.042308 -0.139449 -0.296405 0.625959
 -0.522199 -0.018054 0.060038 0.423452
 -0.770620 -0.852317 -0.510538 1.263616
 -0.317275 -0.926685 -0.006905 0.961668
 -0.187467 -0.701415 0.064852 -0.332174
 -1.070968 0.071543 0.153711 -0.337656
 -0.852844 -0.195283 -0.604872 -1.625505
 -0.983004 -0.374701 -0.189771 -0.701943
 -0.173184 -0.246119 -0.747078 1.905467
 -0.605090 -0.571832 -1.027728 0.409993
 -0.010069 -1.033878 -0.061910 0.240433
 -0.456309 -0.205894 -0.224492 -0.056821
 0.166310 -1.003303 -0.890076 -1.178294
 0.039563 -0.272782 -0.140110 1.438600
 -0.341673 -0.030913 -0.823656 0.798591
 -0.114866 -0.493138 -0.024239 -0.854100
 0.041204 0.103913 -0.114579 0.008640
 -0.410694 0.066771 -0.690722 -0.621698
 -0.884626 -0.972920 -1.038780 -0.975426
 0.076371 -0.792093 -0.275239 -2.194738
 -0.859037 -0.690983 -1.081397 0.060830
 -0.073315 -0.688261 -0.125662 1.386862
 -0.155692 -0.714540 -0.933374 -0.339407
 -0.258199 -0.169101 -0.903627 -0.517862
 -0.485047 -0.419435 0.108346 -0.082420
 0.122869 -0.991127 -0.817965 0.253995
 0.126983 -1.062709 -0.467398 0.071646
 0.138163 -0.206929 -1.055316 1.087200
 -0.200447 -0.312547 -0.700110 0.450602
 -0.368165 -1.022752 -0.217135 0.188716
 -0.330385 -1.068118 0.015725 0.454317
 -0.235227 -0.713186 -0.985581 -1.428995
 -0.395391 -0.883057 -0.260014 -0.328582
 -0.099613 -0.163913 0.038011 -0.893278
 -0.256392 -0.320791 -0.165737 0.268958
 0.017638 -0.596473 -0.146727 1.184423
 -1.080178 -0.176486 -0.850788 -0.679066
 -1.036570 -0.582536 -0.102458 -0.748083
 -0.296880 -0.821068 -1.014741 -1.519639
 -0.479099 -0.955435 0.187981 -0.490185
 -0.661868 -0.701041 -0.768265 0.792505
 -0.141394 0.146878 -0.204260 0.079791
 -0.072389 0.092455 -0.402617 0.741413
 -0.396209 -0.444705 0.155198 0.406968
 -0.343276 -0.381453 -0.505602 -0.161423
 -1.019131 -0.543578 -0.504673 1.050981
 -0.852336 -0.287830 -0.290196 0.876673
 -0.788966 -0.178141 -0.443930 0.713562
 0.138774 -0.222092 -0.725899 -0.322430
 0.119237 -0.638988 -0.286309 -0.798883
 -0.712283 -0.033639 -0.435987 1.356577
 -0.942172 0.090800 -0.229081 0.995874
 -0.879392 0.139514 -0.759356 -1.555403
 -0.467671 0.138880 -0.928713 0.295207
 -0.101154 -0.184711 0.070929 -1.138026
 -0.564548 -0.937152 -1.006185 -0.221238
 0.082204 -0.811169 -0.357593 1.199164
 -0.560237 0.043203 -0.439288 2.008716
 -0.375365 0.175447 -0.331581 1.118214
 -0.756715 -0.203486 -0.925765 -0.150056
 -0.129364 -1.099244 -0.948943 1.792798
 -0.239351 -0.418249 -0.123965 -1.071583
 0.162994 -0.478053 -0.530529 0.590177
 -0.339260 -0.188577 -0.712475 0.319994
 -1.061574 -0.323871 -0.063917 -1.011829
 -0.290638 -0.157425 -0.827164 0.322148
 -0.547304 -0.387424 0.128310 1.962835
 -1.019120 -0.221929 -0.514970 0.228237
 -1.038547 -0.521635 -0.269152 0.104039
 -0.112932 -0.961242 -0.325365 -0.417096
 -0.121034 -0.299091 -0.329003 -0.174529
 -0.212132 -0.350436 0.025232 2.161497
 0.156423 -1.094309 -0.206355 -0.938310
 -0.428037 -0.726409 -0.575876 0.063067
 -0.817650 0.123976 0.194130 1.087095
 -0.856681 -0.196425 -0.287070 -0.924430
 -0.469682 -0.051934 -0.914547 0.004151
 -0.632278 -0.696534 -0.773026 1.129386
 -0.297937 -0.069655 -0.649157 -1.734176
 -0.362619 -0.890446 0.127735 -0.130785
 -0.090985 -0.882294 -0.598500 -0.148622
 -0.626320 -0.616052 -0.335667 -0.324310
 -0.902738 -0.873985 -0.831455 0.407543
 -0.631924 -0.720189 -1.051584 -1.282901
 -0.463952 0.199725 -0.969857 -0.077872
 -0.626848 -0.269502 -1.061938 2.575643
 0.171873 0.013619 -0.437745 1.445046
 -0.133433 -0.847457 -0.244946 0.533320
 0.120722 -0.233487 -0.254025 1.532162
 0.096123 -0.449303 -0.906754 1.257144
 -0.905319 0.115909 -0.564203 0.819300
 -0.518948 -0.958089 -0.846191 -0.684827
 0.150944 -0.713730 -0.142837 -1.129672
 -0.883137 0.018303 -0.176741 -1.229249
 -0.205663 -0.082981 -1.046110 0.509856
 -0.970957 -1.041810 -0.694702 0.285642
 -0.830102 -0.807845 -0.011187 0.172873
 -0.225543 -0.615911 -0.192687 0.125838
 -1.034348 -0.314822 0.195747 -1.112050
 -0.296296 -0.115699 -0.041673 0.387907
 -0.865464 0.055991 0.029935 -0.958386
 -0.464818 -0.967670 -0.853706 -1.018387
 -0.649616 -0.228330 -1.057734 0.413487
 -0.654145 0.198224 -0.419276 -0.445810
 -0.039083 -0.012988 -0.550816 -1.074393
 -0.823763 -0.609120 -0.455085 -1.152054
 -0.020395 -0.423739 0.062792 0.454234
 -1.048621 0.082888 -0.380177 -0.951460
 0.116132 -0.603512 -0.334041 2.099613
 -0.308127 0.142088 -0.323429 0.863296
 -0.640010 -0.170463 0.047161 -0.492802
 -0.853281 -0.622625 -1.044541 0.283940
 -1.047779 -1.021947 -0.345880 -0.134669
 0.042061 -0.839886 -0.761893 -2.089192
 -0.491546 -1.079199 -0.150350 0.242573
 -0.676915 -0.326211 -0.452006 -0.387205
 -0.398119 -0.543560 -0.183931 -0.570126
 -0.343603 -0.244213 -0.134246 1.762736
 -1.088158 -0.179871 -0.221611 -0.362808
 0.088621 -1.058151 -0.150670 0.210561
 -0.831947 -0.386599 -0.762545 1.696038
 -0.463088 -0.976621 -0.857425 -0.670352
 -0.760270 -0.567365 -0.138638 -2.190972
 -0.955147 -0.234023 -0.166803 0.926460
 -0.991431 -0.147732 -0.580378 -1.750746
 -0.347165 0.143390 -0.070108 -2.642775
 0.082535 -0.956181 -0.217999 -0.363560
 -0.275070 -0.161029 -1.037555 2.064045
 -0.605247 -0.456621 -0.348555 0.217380
 -0.555610 0.191233 0.026095 0.904970
 -0.732723 -1.079192 -0.702628 -1.383979
 -0.778060 -0.760589 -0.161093 0.028404
 -0.023996 -1.066601 0.078744 -1.459500
 -0.914359 -0.178818 -1.055520 0.432336
 -0.412522 -0.947213 -0.720169 -0.141154
 -0.943415 -0.685024 -0.967089 1.114390
 0.014777 -0.408709 0.016898 0.448572
 -0.557682 0.016924 -0.351616 0.579112
 -0.547785 -0.211667 -0.321127 -1.360467
 -0.500772 -0.689336 -0.774643 0.648113
 -1.078067 -0.820158 -0.213838 0.498048
 -0.488718 -0.959046 -0.301483 0.534822
 -0.946753 -0.253965 -0.186135 -1.664896
 -0.523302 -0.764048 -0.335487 -0.539205
 -0.767927 -1.097522 -0.740697 0.600983
 -0.436926 -0.121342 -0.672120 -0.591430
 0.107983 -0.636939 -0.835088 0.767507
 -0.665574 0.111663 -0.356751 0.196178
 -0.599596 -0.510089 -0.066321 0.291180
 -0.453148 0.072454 0.060622 -0.306124
 -0.451873 0.031972 -0.329273 -1.123960
 0.053406 -0.121147 -0.174724 0.369466
 -1.032157 -0.511415 -0.148336 -0.628121
 -0.031298 -0.087311 -0.379276 -0.153088
 0.164798 -0.250073 0.092077 0.104338
 -0.535502 -0.030779 -0.396961 -0.746095
 0.161283 -0.476338 -0.121181 0.388829
 0.185266 -0.823162 -0.606493 0.150201
 0.124371 -0.625971 -0.499880 -0.064012
 -0.221348 -0.800997 -0.308248 -1.428350
 -0.510388 -0.783834 -0.847686 1.259590
 -1.044177 -0.449765 -0.677896 1.165906
 -0.182505 -0.230188 -0.550558 -0.170793
 -0.201452 -0.062271 -1.027710 -0.559013
 0.119063 0.132134 -0.630382 -0.084073
 -0.033007 -0.534633 -0.854218 0.645035
 -0.446930 -0.644942 -0.776425 -0.799215
 0.012770 -0.055888 -0.560162 -1.149710
 -0.344452 -0.593722 -0.073290 0.209153
 -0.106987 -0.060008 -0.233781 -0.541825
 -0.446427 -0.995401 -0.030067 0.179684
 -0.925217 -1.043252 -0.030407 0.995449
 -0.873877 -0.107617 0.065220 -0.039377
 0.106716 -0.967700 -0.720812 -0.271563
 -0.401780 -0.469300 -0.838428 0.066611
 -0.195212 -0.449462 -0.741022 -0.830614
 -0.829103 -0.286393 -0.581847 0.042123
 -0.084206 0.036290 0.016411 -1.647072
 -0.703277 -0.322507 -0.577356 -1.193628
 -1.003057 -0.773668 -0.300752 0.306472
 -0.338089 -0.041630 -0.825352 -0.212434
 0.129844 -0.977696 -0.316187 -0.414494
 -1.039814 -0.530621 0.140898 0.340798
 -0.790838 -0.659417 -0.304103 -0.188074
 -0.766360 -0.285987 -0.681401 -0.060867
 0.074348 -0.405524 -0.273559 -0.404363
