512 2 M
 -0.636910 -0.821781 -0.284636 -0.679159 0.373582
 0.609461 0.737476 -0.414953 1.089328 -0.199966
 -1.197803 -1.060240 1.287739 1.157640 -1.030848
 -0.547174 -0.568160 -0.205864 1.494472 -0.447042
 -0.508319 -1.077612 -0.242606 1.736517 0.748720
 0.134439 -1.126157 1.031060 -1.224941 1.027280
 -0.249985 -0.363394 -0.572452 0.071027 -0.734185
 1.008093 0.037730 1.243983 -1.135441 -1.528523
 -0.454931 0.179627 0.242263 -0.770365 0.672478
 -0.165987 -0.406989 0.072541 1.360954 -1.977265
 0.615108 0.648332 0.099599 -0.975814 -0.697375
 0.367790 0.495981 -0.404753 0.054594 1.229221
 0.392643 -1.234693 0.388703 0.837791 -0.351534
 0.136097 -1.147576 0.791755 -0.592084 -0.069896
 0.880748 -1.195470 -0.368210 1.266957 0.069872
 -0.089443 0.867906 0.563944 1.136378 1.076064
 -0.890402 0.677734 -0.295213 1.143308 0.210757
 0.408627 0.263322 1.060450 0.913387 0.105634
 0.210296 -1.162053 -0.855892 -0.896169 -1.794548
 0.243740 -0.653736 0.563522 0.488079 0.518694
 0.475842 -0.307932 -0.815764 -0.170470 -0.818218
 -0.192155 0.135067 1.241924 0.096120 1.815437
 0.518078 0.421733 -0.033433 1.797589 0.540490
 -1.207335 -0.011079 0.736362 0.772362 1.042943
 -1.256823 -0.760897 1.437226 1.396865 1.042082
 -1.107197 0.009463 -0.241428 -0.183252 0.831440
 -0.354700 -0.561190 0.171567 0.268635 -0.636095
 -0.463740 0.531681 -0.325573 1.231294 -0.644746
 -0.947898 -1.025020 -0.169090 0.379325 0.512707
 0.300497 -0.527207 1.059489 -1.337403 0.809338
 -0.680284 0.035845 -0.156012 -2.367644 0.336234
 0.508252 -1.212711 0.667690 0.415896 -0.352170
 -0.040124 -0.092328 -0.605062 -0.164317 0.268429
 0.639842 -0.968336 1.230738 0.350463 -1.022672
 -0.711813 -0.248694 1.387960 0.433480 0.965886
 -0.426149 0.387238 0.059319 -0.595460 0.210216
 -0.202930 -0.498652 0.463912 -1.046776 -0.376904
 -0.657219 0.858854 0.847923 -0.443451 -0.632844
 0.744310 1.069257 -0.616250 1.594538 0.601303
 0.104532 -0.886818 -0.219243 0.051098 -2.138524
 0.598592 0.035806 -0.820373 0.078801 -0.198863
 -1.012471 -0.646919 0.036592 1.324514 -2.312944
 -0.754340 0.488301 1.191173 0.300430 0.072611
 -0.762268 0.519337 0.231134 0.068755 -0.809967
 -0.642215 -1.085583 0.789736 -0.062337 -0.143939
 -1.252201 -0.669279 1.285740 -0.399755 0.912328
 -0.943413 0.949853 0.621363 -0.579843 1.163540
 -1.024853 0.753673 0.661911 -0.991482 0.187725
 0.108751 -1.167424 0.749350 0.224769 -1.497911
 -1.273732 -0.546439 -0.343255 -0.186702 0.044666
 0.611594 0.453628 -0.479742 -1.105263 1.110753
 0.766181 -0.893876 0.747872 -1.544094 -0.384162
 -1.164515 0.833785 -0.203088 0.538701 1.004581
 0.675694 -0.145758 0.230209 -0.452291 0.882810
 0.198665 -1.101749 0.575638 0.275651 -1.098827
 -1.055143 -0.792150 0.906137 1.287635 0.503154
 0.947607 -0.081099 1.324609 0.908761 0.477134
 1.092909 0.811034 1.031696 -1.496057 -1.123374
 0.666549 -0.173289 0.894654 0.014045 -0.205124
 -0.140592 0.642222 1.239773 -0.681456 -1.114983
 0.572010 0.997368 -0.023366 -0.250766 -0.557390
 0.774142 -0.607901 1.218271 -1.689204 0.856052
 -0.416507 -0.622868 -0.116136 -0.869186 1.008861
 -0.834950 0.374944 0.666006 0.142920 1.198314
 0.060109 -0.351725 1.028021 -0.810559 -0.253936
 0.594439 0.337851 -0.446246 2.912129 -0.266955
 -0.212022 -0.163388 1.172139 -1.813130 -0.121409
 -0.030235 -0.338657 -0.467043 -1.084704 -1.035129
 -0.648057 0.377806 1.183058 -1.850570 -0.335036
 -1.176150 -0.656426 0.429273 1.441698 -1.319021
 -0.689588 0.490670 0.286383 -1.334500 -0.535447
 1.026731 0.633108 -0.735381 0.486451 -0.003797
 1.063424 -0.240846 1.080679 2.193526 -2.952018
 -0.746493 0.289014 -0.267305 0.342925 -1.398188
 -1.240468 0.680572 1.136189 -0.183345 0.570279
 -1.051059 -0.934900 0.577314 0.285048 0.315230
 -0.414507 0.299349 1.062918 -0.512313 -1.069767
 -0.798049 0.785061 -0.148879 -0.904072 0.624288
 -1.287520 -0.334058 -0.528372 1.315730 -0.186399
 0.814254 1.074231 -0.110614 -0.434330 0.127602
 -0.362677 -0.423083 0.404702 0.796676 0.666330
 0.130981 -1.294273 0.311148 0.332639 -0.026366
 0.912929 0.704945 -0.162087 -1.003338 -0.970478
 0.576848 0.501914 0.088287 -1.612557 0.013958
 -0.158771 0.022949 -0.434488 0.818144 0.712435
 0.568582 0.024478 0.516155 -0.211626 1.111124
 0.567864 -0.501722 0.463520 0.279194 0.641765
 1.005873 1.059621 0.625199 -0.112147 2.011765
 -0.287051 0.815665 0.731665 0.582621 -0.941686
 -1.196640 -0.387528 -0.401557 -0.073295 1.757623
 -0.673398 -0.415178 -0.000277 -1.158194 -0.126812
 1.070984 0.672633 0.586604 -2.048427 0.327860
 0.743040 -0.393937 -0.038566 -0.859065 -1.488938
 -1.233965 -1.208993 0.491832 1.081915 0.964596
 0.380504 -1.041197 -0.385370 -1.295444 -0.026539
 0.662735 -1.237667 0.481192 -1.314431 0.437487
 0.732485 0.042475 0.017710 0.505601 -0.994589
 0.575145 -0.037810 0.702703 0.651705 0.642986
 -1.263031 -1.044024 0.236212 0.209309 1.244074
 -0.462458 -0.581359 -0.330636 1.469560 -0.951680
 -0.063681 -0.777207 1.333740 0.489578 0.287586
 -1.141846 -1.247822 0.482069 1.063427 -1.818143
 0.130467 1.070150 0.326865 -0.506184 0.952547
 -0.494604 0.601117 -0.587202 0.200018 -0.950362
 -1.082092 0.892214 1.039777 -0.438979 -0.707976
 -0.868593 -0.156973 -0.600567 -1.101688 0.237223
 -1.182569 -0.320878 0.421545 1.128506 0.093546
 -0.578534 -1.284170 0.359146 0.647415 0.955471
 -0.834643 -0.889803 0.328692 1.145516 -0.463003
 -0.270293 0.659997 -0.856813 -0.318399 0.780463
 0.607974 0.394541 1.186284 -0.272645 -0.470737
 0.663467 1.043196 0.066050 -0.480119 -0.082518
 0.438594 0.783242 -0.388399 -0.014897 0.839441
 0.627904 0.097004 0.436597 0.119438 1.091436
 0.754760 -1.161312 0.277670 -0.211487 1.229410
 0.008362 -0.413235 -0.318355 -1.449535 -0.586102
 -0.778170 1.072734 -0.481167 0.459866 0.432966
 -0.013189 -0.593109 -0.384386 0.330034 0.037246
 0.224853 -1.277460 0.617168 -1.096294 1.753105
 0.231886 -0.023094 0.823624 -0.083147 0.703157
 0.530000 0.452528 -0.589251 0.265779 1.165465
 0.910176 0.119899 0.930371 0.398068 0.537948
 -0.564456 -0.745296 -0.679680 0.038305 -0.829453
 -1.052060 -0.811863 0.268552 -1.081001 1.188141
 -0.448728 -1.194502 -0.284957 1.244593 0.049900
 0.204261 0.228893 1.231613 1.443300 -0.360633
 0.809099 -0.799889 0.347695 1.657880 1.177712
 -0.103127 1.099553 -0.408013 0.972414 0.851142
 -1.275241 -1.058286 -0.148146 -0.114970 2.745828
 0.807389 -0.196854 1.324421 -0.293236 0.567323
 0.423450 -1.234421 0.852161 -0.151497 -0.791385
 -0.035160 0.249983 -0.120070 0.689650 0.652824
 -0.061053 -0.163775 0.208382 -0.539514 0.404563
 0.010428 -0.076315 0.356487 1.025019 -1.030599
 -0.652701 0.424469 -0.611411 0.569042 -0.066201
 -0.498648 -0.262355 -0.386539 -0.633563 -1.575555
 -0.899983 1.048364 1.183870 0.850886 -0.193490
 -0.296731 -0.582379 1.192718 -0.124577 0.024972
 -0.891006 0.231535 -0.186297 0.343082 -0.576316
 -1.219090 0.459175 0.609614 0.099767 -0.271738
 -0.389923 0.680173 -0.191287 0.342079 -2.012631
 0.233749 -1.060387 0.509145 0.443822 -0.186358
 -0.939352 -0.671641 -0.317784 2.468394 1.036201
 -1.231627 0.690852 0.002531 1.142685 0.483115
 0.546430 -0.675957 -0.055694 -0.376290 1.051706
 0.402868 0.848788 -0.577990 -0.350529 0.725911
 -1.194511 -0.129693 1.057366 1.327735 0.885984
 -1.031462 0.840625 1.072024 0.446421 0.615311
 0.121344 0.318702 0.839601 1.067849 -0.932613
 -0.215459 1.082642 1.225950 -0.461332 -1.654339
 0.678082 0.716592 -0.398419 -0.337857 0.201830
 -0.473416 0.108304 1.118629 -0.408476 -1.677103
 0.484484 0.578878 -0.149637 -0.103145 -0.627263
 0.561363 0.792773 1.434642 -0.200987 -1.338882
 0.718180 0.998390 -0.459226 -0.972876 0.644424
 -0.301568 0.969253 1.224724 -0.041770 -0.454384
 -0.379272 -0.013639 0.589684 -0.928028 1.117480
 -0.347934 1.024793 -0.644752 -2.609623 -0.335581
 -0.509914 0.888685 1.034847 1.250315 -1.181453
 0.874399 -1.234729 1.007278 -0.529705 -0.955797
 0.353401 -0.745609 -0.654113 -1.245492 2.242282
 -0.434575 -1.257270 0.559350 -0.252085 0.459054
 0.630872 -0.004941 -0.349218 -1.242321 -0.817421
 -0.325583 0.049173 0.129735 1.061666 -0.294352
 -1.130873 1.087784 0.455002 0.601840 1.704152
 0.337936 0.484125 0.594146 2.402512 1.089415
 0.042511 -0.637525 0.819778 -0.947563 -1.381983
 -0.642531 -1.236223 1.355160 1.464006 -2.498336
 -0.038175 0.371348 -0.720572 -0.233120 0.348675
 -0.202816 -1.138086 0.475338 0.492233 -0.450952
 -0.214184 -0.034877 -0.499753 -1.097795 -1.060161
 -0.854200 -0.450039 -0.194869 0.694525 -0.014299
 0.834790 -0.553473 0.747010 0.940613 -0.897507
 0.713459 -0.909900 0.303889 -0.150907 1.219463
 0.348162 -0.532090 -0.766359 1.065510 0.328691
 -0.832161 0.547710 -0.549587 -0.097218 -1.640614
 0.107437 -0.530052 -0.404864 -0.232295 -0.164609
 -0.037830 -0.961313 1.427210 1.108688 -0.204541
 -1.239511 -0.436499 0.764784 0.338518 -0.825978
 0.359114 -0.211365 -0.704316 -0.774018 0.310394
 0.728084 0.451180 0.087879 -0.967927 -0.818128
 -0.045832 0.213737 -0.208530 -0.396628 -0.577745
 0.367604 -0.813618 0.462081 -0.630649 -0.977475
 -1.040653 -0.833299 -0.483668 -0.178838 0.244180
 -0.818840 0.206022 0.455381 -0.582135 0.339646
 0.517739 -0.786145 0.829595 0.620273 1.019056
 0.622130 -0.073736 -0.213164 1.017966 -0.493379
 0.205851 -1.107234 0.356810 0.805774 -0.219574
 0.448111 -0.556184 0.390121 -0.872934 -0.206950
 -0.611537 -0.037473 1.422708 0.953662 -0.601994
 -1.123844 -0.765112 1.190466 0.507689 0.264167
 0.497916 0.606075 0.585507 -0.540564 -0.000697
 0.858764 -0.078694 0.335951 0.838002 0.037439
 0.261721 -0.006217 0.821145 0.184666 -0.429449
 0.636959 0.404516 0.467768 -0.475938 -2.421830
 -0.854149 0.298611 1.112365 1.396093 1.591385
 0.733363 -0.882490 0.242494 -0.884398 -1.591737
 -0.870384 0.265953 0.998010 -0.270744 0.611194
 -0.461524 -0.349993 -0.204299 0.889179 -0.805508
 -0.104375 0.584564 0.394219 0.979569 0.282271
 -0.049331 -0.453838 -0.698096 -0.698891 -0.173692
 0.741550 0.539355 -0.896594 -1.964785 0.335837
 -0.938846 0.454929 0.316584 0.030887 -0.056494
 0.647299 -0.484024 -0.872244 0.823291 -2.093687
 -0.203958 0.871644 -0.167995 -0.235012 1.007647
 -0.327443 -0.646398 1.218264 0.576729 0.123524
 -1.047462 0.142089 0.096199 -0.140458 0.254190
 -0.880417 0.145646 0.530834 -1.093481 1.175762
 -0.388620 0.961620 0.407325 -0.904816 -2.070757
 -0.888119 0.178558 0.120004 -0.958658 1.014922
 -0.765098 0.801128 -0.482696 0.374562 0.653715
 -1.260175 -0.059261 0.975884 -1.858048 -0.554812
 0.745359 -0.387402 0.563404 0.291496 1.096719
 -0.458253 0.375307 -0.308181 1.976378 -1.678444
 0.644212 -0.004863 0.737360 2.099323 -0.702869
 -1.127113 0.131125 1.366592 1.108739 -0.398504
 0.292039 -0.609991 -0.470149 -0.418695 0.250929
 -1.147027 -1.165313 -0.559339 -0.590740 0.385791
 -0.610954 0.549412 0.777196 -0.339965 0.639987
 -0.312341 0.880971 0.365157 1.350409 1.794007
 -0.675160 0.755540 1.172054 0.480160 -0.994592
 -0.295359 -0.185024 0.387414 -0.517724 0.029403
 0.982494 -0.441712 -0.890071 1.802611 0.188391
 0.065501 -0.011374 -0.772661 0.214692 -0.719013
 0.747454 0.416808 -0.842966 0.471886 -0.659019
 -1.263855 -0.035663 1.434597 0.598449 -0.310649
 -1.250247 0.108140 0.484271 -0.421868 -0.014625
 0.866085 1.044093 0.120990 -2.331207 -0.439540
 -0.118046 -0.453009 0.638629 0.086901 0.206610
 0.514363 -0.799000 -0.238967 1.364433 0.285961
 -0.481850 0.005655 -0.752149 0.205634 0.049816
 1.087700 -0.582612 0.365658 -0.620510 1.204635
 -0.295689 -0.969550 0.577310 -0.098539 2.421387
 0.063919 0.871683 0.115744 0.577867 1.337620
 -1.175098 -0.086607 -0.445276 1.938189 -0.982022
 0.266073 -1.050562 -0.219375 0.722029 -0.152482
 -0.218385 -0.297251 0.547019 -0.087539 -0.908147
 0.121400 0.027108 0.134994 0.697231 0.180843
 -1.122776 0.312519 0.538737 -0.010426 0.959130
 -0.369015 0.024315 0.114313 0.216844 0.102651
 -0.767172 -0.919997 1.439847 -0.059505 1.113839
 -0.031854 0.223548 1.241427 -0.338625 0.137902
 0.800035 0.331770 0.710780 -0.210624 0.162313
 -0.765664 -0.159459 -0.688410 0.798965 3.171631
 -0.078705 -1.021516 -0.222445 -1.671657 -1.148777
 -1.129604 -0.383518 0.544620 0.867122 -0.183053
 0.222711 -1.184167 0.223260 1.962842 -0.654204
 0.854989 0.090896 -0.212802 -0.216153 0.525053
 0.974896 0.075685 -0.563972 0.252117 -1.140953
 -0.853487 1.078175 -0.282091 -1.394003 2.143206
 -0.526446 0.899048 -0.757472 -0.124735 0.944785
 -0.871517 -0.437745 -0.795308 0.269406 0.096432
 -0.832465 -0.378364 1.113256 -0.682163 0.944233
 0.740113 0.469047 -0.518217 0.147831 1.159424
 0.594324 -0.360001 -0.300925 -1.949523 -0.464985
 -0.727621 0.371416 -0.174755 0.930465 2.543040
 -0.987078 0.214748 -0.490659 0.460557 -0.028822
 -0.077164 0.182039 -0.736001 -0.271209 -0.261492
 -1.086920 0.593897 0.715599 -0.992521 0.009500
 -1.066291 -0.752384 1.100086 0.242464 1.011382
 0.241686 0.254881 0.516265 0.775093 -2.148346
 -0.044612 0.161053 0.835213 -1.161940 -1.272614
 -0.446511 1.090983 0.532091 1.157048 1.029709
 -0.323226 0.819267 -0.697669 1.124835 -0.136104
 0.358366 -0.201843 -0.190248 0.800554 0.795929
 -0.355855 0.730291 -0.557758 -0.563553 0.421569
 0.179555 -1.232541 0.600594 0.891747 -2.064438
 -0.623042 0.517439 -0.803957 -0.461078 1.076108
 -0.026028 0.716693 -0.577069 0.387029 0.183529
 1.089053 -0.388288 -0.812506 0.335368 -1.767431
 -0.050382 -0.043433 0.872395 0.235802 -0.285432
 -0.512190 -0.030656 0.869023 -0.736455 -0.423971
 0.102191 -1.032180 0.856948 -0.217239 0.370583
 0.964076 -0.925908 0.081916 0.104466 -1.136325
 0.146962 0.517712 0.386032 -0.409847 0.246412
 0.736691 0.420114 0.265605 0.976863 -0.936259
 -0.709816 0.108161 1.404448 -0.155598 -0.884113
 0.655402 0.847785 -0.891297 -0.237231 -0.733837
 -1.113324 0.386907 0.168219 1.587433 2.266051
 -1.022811 -1.145341 0.453217 -1.222629 -0.914356
 -0.975096 0.596485 0.778039 0.153772 -1.328499
 -0.054924 -0.203707 1.250181 -0.114772 1.851509
 -1.170121 1.011693 1.052660 0.404384 1.764733
 1.003686 0.145471 0.638250 -0.059489 -1.105846
 0.806471 0.656194 -0.874098 0.168036 0.158036
 1.017881 0.655007 0.831218 0.805351 0.531605
 0.125996 0.790207 1.081619 -0.354175 -0.271206
 -0.914811 0.683239 1.272198 -1.341351 -0.766302
 -0.890055 -1.179596 -0.873913 -0.925824 -0.193987
 1.074796 0.492717 -0.883660 -1.518964 0.739257
 0.354753 0.439332 -0.534618 0.079747 -0.223896
 0.379499 0.730504 -0.706517 1.387168 1.052587
 -0.308488 0.131628 0.929930 -1.494064 -0.227148
 -0.341538 0.916166 0.173779 -1.332292 -0.044826
 0.726628 -0.888052 1.229670 -1.221933 0.904767
 -1.105180 -0.684462 1.443025 -1.585463 -0.042789
 -1.226832 -0.379508 -0.057861 -1.528094 -2.217343
 0.772255 -0.800152 0.854520 -0.339250 -1.107771
 0.449933 0.168938 -0.586869 0.308208 1.399935
 -0.760085 -0.443378 0.540828 0.700184 0.282402
 -0.654251 1.080980 -0.664131 0.099279 -0.271204
 -0.269849 -0.272709 1.148955 0.638404 -1.856751
 -1.274231 -0.100229 0.131125 -0.733954 1.166629
 -0.239116 -1.068943 1.489237 0.352881 0.557141
 -0.780509 0.776527 0.349000 0.590331 1.228604
 -0.687913 -0.998279 -0.710376 0.117718 -0.402547
 -0.691430 0.921515 0.993254 -2.455328 0.088721
 0.367880 0.467337 0.659158 -0.826075 -0.064292
 -0.248382 1.072993 -0.592805 0.416472 0.004658
 -0.533135 0.423495 -0.422314 -0.531069 -0.813532
 0.104477 -1.013346 -0.777608 -2.116040 -0.048147
 -0.888112 -0.186469 0.929767 -0.091800 -0.978787
 -1.263441 -0.724385 0.878368 0.825849 0.314650
 -1.288854 0.625705 -0.517318 0.528198 0.106742
 0.487050 0.378562 0.780432 -0.713708 -0.411896
 0.257847 -0.083794 -0.896057 -1.563690 0.101142
 -0.307095 -0.221560 -0.752547 -1.018215 1.052222
 0.211060 -0.204484 0.793762 -1.361263 -1.112043
 0.715348 1.006031 -0.196064 -1.126898 0.871619
 -0.644194 -0.554498 -0.156127 -0.174672 0.457203
 0.416223 0.164165 0.977656 -0.012068 -0.573797
 -0.470978 0.603361 -0.612673 -1.743515 -0.236870
 -0.653268 -0.247225 0.740682 -1.440403 0.974905
 0.261877 0.104141 0.998536 0.717510 1.831026
 0.558128 -0.344369 0.463861 0.236055 -0.507311
 1.055788 0.220950 0.513609 -0.440413 -1.401072
 1.049721 -0.320978 1.167155 -0.016552 -0.649492
 -0.284528 -0.367612 0.036226 -0.671331 -0.070036
 -0.406105 -1.110337 1.205925 -1.463894 0.467077
 0.344728 -0.462504 -0.723616 1.754046 -2.256688
 0.079806 -0.643302 1.265764 1.278828 -0.499144
 -1.143313 0.879481 0.366522 0.401448 -0.517943
 -0.851551 0.762273 0.990442 -1.309831 -0.076453
 -1.233337 -1.141146 0.985108 1.660968 -0.050788
 -0.039667 0.236026 -0.628448 -1.219672 1.010507
 -0.163962 0.607188 1.179113 -0.011162 -0.803176
 -0.832499 -1.145890 -0.246243 2.654264 -0.177144
 0.425956 -1.269275 -0.483887 -0.293963 -0.485564
 -1.141219 -0.789284 0.054723 -1.086675 0.531317
 -0.330188 -0.838735 0.322189 -1.491811 1.751803
 0.649455 0.370061 0.131542 0.522156 0.421456
 1.054796 -0.679477 0.743812 -0.606665 -1.211652
 -0.632882 -0.452503 0.730351 -1.207161 2.487265
 0.495370 -0.559099 -0.086392 -0.570265 0.327375
 0.576497 -0.694269 -0.582139 0.135136 0.277688
 0.075413 0.161075 0.557975 1.147383 -0.439486
 0.171391 0.178231 0.564193 -1.518830 -0.293463
 -0.182806 0.765728 -0.631167 0.672517 -0.769121
 0.925304 0.746444 -0.464738 1.056550 0.187278
 -0.283105 0.202258 1.322173 1.540597 3.113810
 -1.165481 -0.462278 0.431286 0.099669 -0.495020
 -0.333258 -0.454438 0.547013 0.287244 -0.092444
 0.002903 0.764178 0.099264 -0.087830 0.386501
 0.936177 0.223881 0.910607 0.028806 0.821133
 0.323997 -0.787999 1.121987 0.318432 1.012901
 0.987461 -0.218594 0.435218 0.903357 0.226131
 -0.334599 -0.303125 -0.247195 -1.756328 -0.125539
 -1.005354 0.598421 0.064288 -0.375749 -0.331719
 1.049851 -0.849658 -0.633923 1.088713 -0.530853
 -0.903990 -1.083453 0.449198 2.077080 -1.088589
 -0.589417 0.045666 -0.057336 0.560083 -0.763789
 -0.345130 0.205403 1.161015 0.343034 0.315455
 -0.083585 0.862480 0.609596 -0.240255 -0.132260
 -0.030356 -0.964900 -0.552655 1.473754 -0.043746
 -0.685106 0.646878 0.825056 -0.569119 0.720591
 0.962838 -0.846773 1.258877 -0.114617 0.347106
 -0.812555 0.051705 1.473558 0.662965 0.426786
 -0.948502 0.334248 0.685851 0.565846 0.525431
 0.695192 0.524235 -0.536304 1.339209 0.748071
 -1.014150 -0.833155 0.751481 -1.424374 1.075787
 0.669744 0.626696 -0.678699 -1.100208 -0.031791
 0.624337 0.751877 0.874209 -1.317641 -1.215482
 0.736508 0.809996 0.065501 1.419146 -1.013215
 0.090647 -0.750570 1.050725 -0.555477 0.626073
 -0.416066 0.706618 0.692395 -2.038368 0.869458
 -0.067246 -0.098791 0.449751 -0.194692 -0.486409
 -0.144160 -0.771739 0.587697 -0.739480 1.001405
 -0.425917 -1.025381 0.311010 1.052361 1.141748
 0.864145 0.418870 0.365406 0.263679 0.059045
 0.371569 1.001425 -0.214720 1.314857 0.209907
 0.245692 -0.205834 -0.426174 0.804265 0.571438
 -1.086964 -0.961004 1.055411 0.115565 1.325621
 -0.886547 -0.463794 0.693564 0.694838 -1.323568
 -1.071114 0.155469 0.498671 2.110038 0.409210
 -0.407947 0.308618 -0.469437 -0.270728 -2.159309
 0.775971 0.990130 0.425504 -0.761380 -0.751686
 0.172848 0.360033 0.663163 0.782570 -0.370641
 0.512233 -0.804884 0.693674 2.614406 -1.495934
 -0.993195 -0.208849 0.849486 -0.150147 0.950370
 1.019770 -0.735825 -0.079427 0.507914 0.013700
 1.010285 -1.240690 -0.050862 1.184272 -0.345645
 0.837473 1.072121 -0.237689 0.469441 -0.609243
 0.221143 1.044060 -0.094874 -1.886432 0.271097
 -0.328265 0.036906 0.686483 -0.077189 1.208930
 -0.210117 -0.138169 0.517299 -0.144836 -0.531320
 -1.287889 -1.038592 0.151576 1.580670 -0.075621
 -0.487763 0.693245 -0.547553 0.055544 0.672465
 -0.931715 -0.264816 0.459546 0.172304 0.655691
 -1.179497 0.023768 -0.612288 -0.330236 0.422537
 -1.151938 0.130278 1.419094 -0.015196 -0.506557
 -1.199463 -0.156920 -0.269876 1.090703 -0.597215
 -0.543914 0.343504 -0.342542 -0.557254 0.124100
 -0.222762 0.954804 1.212184 -1.458593 0.998168
 0.528854 1.018975 1.451346 -0.588301 -1.571717
 0.282958 -0.765455 -0.217963 0.559215 -0.783420
 0.426964 -0.344662 0.505536 1.195228 -0.551086
 -0.850877 0.440493 0.270949 0.423568 -0.818541
 1.050299 -1.004112 -0.738793 1.032591 -1.654757
 0.431566 0.245164 1.431859 0.312361 0.514616
 0.329143 1.065007 1.440035 1.993837 0.938932
 -0.800672 0.357906 1.211189 -1.011050 0.916814
 0.791968 -0.001700 -0.284246 -0.283134 0.909615
 0.231473 -0.338430 0.696609 -0.891430 -0.897768
 0.489046 -0.179159 0.498283 2.014715 0.584978
 0.062773 -1.147754 -0.422931 0.447273 -0.526604
 -1.108600 0.825724 0.108833 -1.296200 0.667990
 -0.711951 -1.159518 -0.169643 -0.003771 -0.402640
 0.666994 -0.403375 1.115075 0.655537 0.251256
 -0.123582 -1.094192 1.209130 0.051812 0.513686
 0.083519 0.297652 -0.600093 -0.878618 -1.613007
 0.686205 0.056694 -0.710874 -0.406702 0.449098
 -1.062624 -0.753763 -0.899636 -0.274608 0.638334
 -0.853846 0.121959 -0.591797 -1.963502 0.797502
 -0.603732 -0.700830 0.082128 1.359347 0.066485
 0.986697 0.668126 1.177642 -0.471996 0.474897
 -0.424733 0.192736 0.258350 0.304811 0.347802
 0.452134 0.240315 1.291879 -0.619221 1.148919
 0.614287 -0.891220 -0.322159 0.538648 0.287391
 0.733342 -0.662268 -0.356607 -0.822318 0.921933
 0.304856 -0.658560 -0.857932 -1.525529 2.207429
 -1.032937 -0.753159 -0.392673 -0.336869 -1.102737
 0.396166 0.533559 0.786571 -0.702938 -2.379463
 0.327664 0.253776 -0.100138 0.977184 -0.705529
 0.259284 0.770415 0.452614 1.801929 0.908872
 -0.170972 -0.896362 -0.048121 -1.157133 -0.516532
 0.362539 -0.781272 -0.113809 0.303267 0.969611
 -1.047483 0.182737 1.222297 -0.574704 -0.057153
 0.016024 -1.257577 0.963716 -0.649655 -0.146209
 0.050701 0.398301 0.307827 0.058699 1.410856
 -0.922610 1.060500 0.827322 -1.520369 -2.559780
 0.029852 0.480720 1.146522 -0.618963 0.453714
 0.444688 -0.834892 0.826688 -0.992863 0.303064
 -0.167284 -0.055764 0.773394 -1.050425 -0.812125
 -1.224057 -0.393284 0.150390 1.038664 0.356257
 -0.034771 1.036204 -0.421976 -0.285397 -0.253589
 0.971769 0.144388 1.491993 0.512104 0.294309
 -0.370591 0.281703 0.656940 1.110303 -1.987288
 0.508024 0.162301 0.374935 0.438164 0.821987
 0.939759 -1.036095 1.066595 -0.429987 -0.688509
 -0.036525 0.494376 0.004443 -2.200723 2.618668
 0.739621 0.866481 0.250041 0.218817 0.332148
 -0.985636 0.470286 0.752863 0.243267 -0.060628
 0.706236 -0.019519 0.142179 -0.867667 -2.016426
 -0.662608 -0.059337 1.140959 -0.415144 1.207150
 0.066868 1.021937 0.708243 -0.287414 0.934257
 -0.537741 0.698375 -0.265335 0.614087 0.801046
 0.696736 -0.626472 1.383307 0.999269 -0.168615
 0.636047 -0.898693 0.463618 0.907901 -0.399729
 -1.059141 -0.137801 -0.655645 -2.068772 1.762067
 -0.629992 -0.243911 -0.883469 -0.917049 -0.796052
 -1.255698 -0.511857 -0.855662 1.281223 2.014251
 0.923935 0.248138 -0.299875 0.573452 0.868918
 -1.259177 0.408485 0.169302 -0.400635 -0.049351
 1.022032 0.450530 -0.758594 -0.852997 0.291691
 0.852331 0.329950 1.106711 0.025902 0.219506
 -0.666135 -0.840440 0.579477 0.400616 -0.734118
 -0.408856 -1.276089 1.313959 -1.648184 -0.125111
 0.243057 -0.968974 0.608896 0.537317 -0.872139
 -1.148174 -1.029443 1.192605 -0.583717 0.674723
 -1.008908 -0.208814 -0.574303 0.894020 -0.794616
 0.057422 -0.874943 1.076632 -1.089445 -1.676740
 0.168964 0.615675 0.144587 0.204232 2.061743
 0.108834 -0.538442 0.511939 -0.227302 0.926271
 -0.479848 0.612142 -0.626241 1.675380 0.398939
 -0.950408 0.388300 0.581230 0.584499 0.020157
 0.333573 -1.150997 1.334979 0.750791 -0.116884
 0.978006 0.298123 -0.510864 0.041043 -1.805587
 -0.928188 0.631615 0.295066 0.978220 -0.661046
 -0.904183 0.508157 0.284744 0.437489 -0.994042
 -0.711634 0.321534 0.576714 0.590935 0.323353
 0.620498 0.280710 -0.391687 0.689485 0.210077
 -0.537205 -0.985639 0.683716 -0.592417 -1.732774
 1.096402 0.646275 0.922397 -0.541896 -1.259588
 -1.246891 -0.862569 0.597545 0.786183 0.834050
 0.164541 0.556451 -0.300564 -1.867693 -0.096330
 0.768570 -1.100095 0.540066 0.323563 -0.306190
 -0.383620 0.828121 0.830215 -0.332884 1.516642
 0.403650 0.262506 -0.262225 1.261233 -2.001523
 -1.221569 -0.033003 -0.515659 -0.543900 -0.146155
 -0.338488 1.013710 0.328401 -2.279671 -0.134500
 0.166013 -0.514092 -0.286701 -0.737642 -0.930037
 -0.099667 -0.361404 -0.805758 -1.507701 1.245101
 -1.092124 -0.572685 0.339574 -0.140060 0.902337
 -0.584643 0.691499 0.022150 -0.313802 0.083787
 -0.507548 0.161662 0.301310 2.031983 1.233087
 -0.798841 0.493115 0.897230 0.713505 -1.070605
 -0.057049 0.813957 1.166390 -0.260313 0.959321
 0.617602 -0.840235 0.407640 0.912624 0.628547
 0.572630 -0.470386 0.322852 -0.203229 0.827101
 -0.630209 -0.889737 0.906374 -2.651985 -0.566916
 -1.164716 0.912770 0.154393 1.524058 0.584399
 0.202966 0.073344 0.548818 1.561446 -0.150783
 0.806273 -1.054009 0.366643 0.156129 0.769741
 -0.371506 -0.452092 1.195461 -0.316186 -0.465601
 -0.370185 1.009077 -0.874031 0.579778 -0.113071
 0.134297 -1.124714 0.471485 -0.622562 1.589782
 0.334233 -0.524260 1.238492 1.680214 0.245315
 -0.304664 0.259645 -0.224618 1.527320 -0.533595
 0.921017 -0.117763 1.332269 -0.692623 0.009264
 0.149480 -0.890656 -0.055219 0.348700 -1.399388
 0.114120 -1.198936 -0.678779 0.606323 0.518164
 -0.092363 -0.787786 -0.247726 1.554973 0.484879
